# xyscan Version 3.3.1
# Date: Mon Nov 13 18:44:30 2017
# Scanned by: gbsrt
# Source: /home/gbsrt/Documents/DATA/zabinskie/seebergsee/seebergsee_fig_6.png
# Comment: 
# Format: x y -dx +dx -dy +dy
1902.98	-1.9205	0	0	0	0	
1904.93	1.31102	0	0	0	0	
1906.99	-0.39749	0	0	0	0	
1913.05	1.61367	0	0	0	0	
1922.92	-2.25244	0	0	0	0	
1929.19	-2.16457	0	0	0	0	
1934.74	-1.90098	0	0	0	0	
1943.06	-2.84798	0	0	0	0	
1949.02	1.106	0	0	0	0	
1955.09	-2.32078	0	0	0	0	
1960.02	-0.76848	0	0	0	0	
1965.06	-1.85216	0	0	0	0	
1966.91	1.17434	0	0	0	0	
1969.68	0.617852	0	0	0	0	
1971.02	-0.055788	0	0	0	0	
1972.05	-0.172943	0	0	0	0	
1973.07	-0.817294	0	0	0	0	
1974	-0.622036	0	0	0	0	
1975.03	-0.485356	0	0	0	0	
1976.77	-0.407252	0	0	0	0	
1978.83	-1.11994	0	0	0	0	
1979.86	-1.44212	0	0	0	0	
1980.99	-0.0753138	0	0	0	0	
1981.91	1.22315	0	0	0	0	
1982.94	2.01395	0	0	0	0	
1983.97	1.41841	0	0	0	0	
1985.71	0.237099	0	0	0	0	
1986.84	0.237099	0	0	0	0	
1988.18	0.695955	0	0	0	0	
1988.8	0.793584	0	0	0	0	
1989.83	1.28173	0	0	0	0	
1990.65	1.14505	0	0	0	0	
1991.98	0.588563	0	0	0	0	
1992.6	0.793584	0	0	0	0	
1993.53	1.45746	0	0	0	0	
1994.86	1.48675	0	0	0	0	
1996.81	1.16457	0	0	0	0	
1998.87	-0.0850767	0	0	0	0	
1999.9	0.520223	0	0	0	0	
2000.41	0.100418	0	0	0	0	
2001.13	0.100418	0	0	0	0	
2001.75	0.725244	0	0	0	0	
2005.24	0.725244	0	0	0	0	
# EoF
