# Searching for station nr 26702 in ghcnm.tavg.v3.qca v3.3.0.20170102
# KALININGRAD                   (RUSSIAN FEDERATION (EUROPEAN SECTOR))
# coordinates:  54.72N,   20.55E,      21.0m (prob:   14m)
# WMO station code: 26702 KALININGRAD                   
# tavg [Celsius] daily mean temperature (adjusted) from GHCN-M v3.3.0.20170102
 1848  -13.4   -0.5    2.9    9.2   11.4   16.8   16.2   14.9   11.8    8.3    2.4    0.7
 1849   -5.2    0.2   -0.8    4.3   12.1   12.8   15.2   14.7   11.4    6.9    2.4   -5.3
 1850  -11.8   -1.1   -2.8    5.7   13.3   16.2   17.3   17.5   11.9    6.7    3.2    1.5
 1851   -3.4   -1.0   -0.3    8.1    9.0   14.3   16.5   16.6   13.4   10.5    3.2    1.7
 1852   -0.1   -2.5   -0.7    1.5   11.2   17.3   18.3   17.5   13.4    5.8    2.2    2.3
 1853   -0.9   -3.8   -4.0    3.3   10.9   17.0   18.0   16.0   12.9    8.8    1.0   -3.6
 1854   -4.8   -2.5    0.7    5.2   12.9   13.9   18.6   18.4   12.0    8.3    0.0   -0.2
 1855   -7.3  -11.6   -0.7    4.1    9.6   16.5   18.9   16.5   13.1   10.0    0.7   -7.7
 1856   -1.7   -3.5   -2.7    6.9   10.2   14.6   15.0   14.2   12.2    8.4   -1.4   -0.3
 1857   -3.5   -4.1    0.5    4.9    9.2   13.3   16.4   18.6   14.0    9.5    1.7    2.5
 1858   -4.5   -6.9   -1.7    4.0   10.5   16.1   19.1   19.3   14.1    9.2   -2.8   -3.0
 1859    0.1    0.8    2.6    5.1   12.7   16.3   17.3   19.1   12.2    8.2    5.3   -4.8
 1860   -1.2   -3.4   -1.9    6.9   10.9   16.1   17.3   16.0   13.4    6.0   -0.2   -4.7
 1861   -7.7    0.6    3.0    3.4    8.5   17.1   18.7   16.3   10.5    7.3    3.1    0.1
 1862   -8.0   -6.4   -1.2    4.3   12.3   15.1   15.2   15.9   12.5    8.2   -1.1   -6.0
 1863    1.1    1.2    1.7    6.4   10.5   15.1   14.7   16.7   13.7    9.6    3.9    0.4
 1864   -4.4   -1.8    1.9    4.0    6.0   15.4   15.3   13.5   11.8    5.7   -0.8   -4.8
 1865   -2.0   -8.5   -2.5    4.7   13.3   11.3   19.1   15.0   12.1    6.6    3.7    0.1
 1866    1.6   -1.5   -0.4    6.9    8.7   17.3   15.4   15.7   15.3    6.3    2.0   -1.0
 1867   -4.2   -0.3   -3.5    4.3    6.9   12.3   14.9   15.5   12.0    7.9    1.0   -5.8
 1868   -6.1   -0.3    1.5    6.5   12.3   15.5   18.5   19.8   13.3    8.1    0.1    0.2
 1869   -3.5    1.5    0.8    7.2   10.9   12.8   15.9   16.1   13.0    6.8    1.2   -1.6
 1870   -3.6  -10.9   -2.4    4.5   10.3   13.4   17.1   16.2   11.9    6.4    3.4   -9.6
 1871   -8.6   -8.2    2.3    3.2    6.9   13.6   17.3   16.3   10.6    3.7    0.1   -3.2
 1872   -1.8   -3.6    1.4    7.3   13.8   16.6   17.1   15.8   13.3   10.1    4.8   -1.3
 1873    0.5   -3.2    1.7    3.7    8.8   15.2   17.7   17.1   12.4    8.2    3.8    1.9
 1874   -0.3   -1.4    0.0    5.3    6.7   14.4   17.1   14.7   14.0    9.5    1.0   -2.5
 1875   -4.7   -6.7   -3.2    2.7   10.9   16.3   18.1   17.6   12.1    3.6   -1.7   -6.8
 1876   -6.6   -1.7    1.6    7.1    7.3   17.7   17.7   16.4   12.4    7.5   -3.4   -7.7
 1877   -2.1   -1.8   -2.3    3.6    8.7   15.7   17.4   15.9    9.6    5.6    5.2   -1.6
 1878   -2.5   -0.6    0.7    7.7   10.3   15.1   15.4   17.1   14.2    9.3    3.8   -0.8
 1879   -5.7   -2.4   -2.2    5.0   10.3   15.5   15.4   16.2   14.4    7.2    0.5   -5.6
 1880   -3.7   -2.9   -0.8    6.5    9.8   15.3   17.7   17.3   13.7    5.2    2.9   -0.9
 1881   -7.5   -3.6   -2.1    2.7   11.0   14.4   16.7   14.8   11.8    4.3    3.1   -0.6
 1882    1.5    1.2    4.3    6.6   11.2   14.9   18.3   16.5   13.8    5.5    0.9   -3.1
 1883   -3.5   -1.5   -4.2    4.2    9.7   16.2   17.4   15.8   13.6    7.8    3.9    0.6
 1884    0.7    1.2    1.4    3.9   10.1   14.3   17.9   14.8   13.9    7.7   -0.7    0.9
 1885   -3.9    0.2    1.4    6.5    9.2   15.3   17.5   13.6   11.9    7.5    0.4   -0.8
 1886   -2.6   -6.1   -3.0    8.3   11.6   14.5   15.9   16.2   13.2    6.5    4.4   -0.4
 1887   -2.0   -1.8   -0.9    6.0   10.5   12.7   17.8   15.3   13.8    6.1    2.5   -1.5
 1888   -5.2   -5.8   -5.5    3.7   10.9   14.1   15.2   14.9   12.6    6.6    1.1   -0.9
 1889   -5.1   -4.0   -4.1    5.7   15.5   17.9   16.0   15.0    9.9    8.5    3.6   -3.1
 1890    0.5   -2.7    2.2    8.1   14.5   13.8   16.7   17.9   12.8    6.4    1.8   -6.4
 1891   -4.5   -2.0    1.0    5.0   11.6   14.4   18.2   15.5   13.2    9.5    0.9    1.0
 1892   -4.7   -2.7   -0.9    4.3   11.0   14.2   15.3   16.9   13.8    7.0    1.4   -3.4
 1893  -13.1   -4.1    0.4    3.7   11.0   15.5   17.9   16.1   11.8    9.7    2.3    0.9
 1894   -3.8    0.0    3.0    9.0   11.9   13.2   18.2   16.6    9.8    6.2    3.6    0.4
 1895   -3.7   -6.9   -0.5    6.9   14.1   16.5   17.7   16.5   13.3    7.3    2.8   -3.9
 1896   -1.9   -1.2    3.0    4.3    9.8   18.7   19.6   16.3   12.2   10.0   -0.3   -3.6
 1897   -6.5   -3.9    1.9    7.2   12.9   16.5   18.0   18.6   12.3    7.1    1.9   -0.4
 1898    0.8   -0.5    1.2    4.5   12.9   15.3   15.0   17.2   11.8    5.8    4.1    2.6
 1899    0.8   -0.7    0.5    6.6   11.2   12.3   19.3   15.0   12.8    8.0    5.7   -4.3
 1900   -3.2   -2.1   -1.5    4.7    9.8   15.3   17.8   18.1   12.7    8.3    3.4    0.9
 1901   -5.1   -5.7    0.2    6.3   12.6   15.7   19.8   17.9   13.0    9.0    2.3   -1.1
 1902    1.4   -4.3    0.7    3.0    9.1   14.3   14.6   14.0   11.1    5.5   -0.6   -6.2
 1903   -1.7    1.5    4.5    5.3   12.3   16.5   17.1   15.1   13.8    6.7    2.7   -1.6
 1904   -2.7   -1.1   -0.7    6.3    9.3   13.5   15.7   15.3   11.7    7.2    1.9    0.3
 1905   -4.3   -0.7    1.8    4.2   12.2   18.1   17.3   16.7   12.1    4.9    3.3   -0.4
 1906   -1.5   -0.8    0.6    8.5   14.6   14.9   17.9   15.9   12.0    6.9    5.4   -4.0
 1907   -3.9   -3.8    0.4    5.0   12.2   14.8   16.0   14.3   12.1   12.2    1.0   -4.3
 1908   -1.3   -0.3    0.2    4.9   11.1   15.5   18.5   15.8   11.9    6.9   -0.7   -2.8
 1909   -3.9   -6.8   -0.2    3.4    8.4   14.7   15.6   16.0   14.4   10.5    0.6    0.3
 1910    0.1    1.7    2.4    7.3   13.9   18.0   16.7   15.9   12.8    6.6    1.3    1.3
 1911   -0.6   -2.5    1.7    6.6   13.8   14.6   16.4   18.3   13.5    7.8    4.2   -0.1
 1912   -8.6   -3.5    3.5    4.8    9.8   16.6   18.9   16.6    9.6    4.6    1.5    2.4
 1913   -3.4   -0.3    3.7    7.9   11.9   14.7   16.8   17.1   12.9    7.3    5.4    1.5
 1914   -2.6    1.6    2.8    7.0   12.1   16.8   21.3   16.6   11.8    5.9    0.9    2.5
 1915   -2.4   -1.6   -2.7    6.2   11.4   15.9   17.2   16.0   11.9    5.4    1.5   -1.3
 1916    0.3   -0.5    1.6    8.2   11.7   13.7   16.7   15.1   11.2    7.1    3.8   -0.1
 1917   -5.1   -5.9   -4.6    3.0   10.7   18.3   16.7   18.4   13.1    8.5    4.9   -1.6
 1918   -2.1   -2.4    0.3   11.9   11.5   12.8   17.3   16.4   12.9    9.2    2.3   -1.6
 1919   -2.1   -2.3    0.4    5.6   10.7   14.9   17.0   14.7   14.5    6.6   -3.6   -2.6
 1920   -2.6    0.7    4.0   11.1   13.8   14.8   19.6   16.7   13.3    5.1    1.2   -2.7
 1921    0.9   -2.1    4.9    8.7   14.5   15.1   17.1   17.0   11.8    8.6   -1.6   -3.3
 1922   -7.2   -4.4    0.7    5.2   11.6   14.4   16.8   14.9   11.3    4.3    0.8    0.8
 1923    0.3   -4.9    1.7    4.3   10.7   11.2   16.7   14.4   12.6    9.4    3.3   -2.4
 1924   -7.1   -5.6   -1.6    3.3   12.5   15.2   15.5   16.3   13.9    8.9    2.9   -1.1
 1925    1.5    3.0    0.4    7.3   13.6   13.0   18.4   16.1   11.5    6.3    1.3   -1.8
 1926   -3.3   -0.7    1.0    7.1   11.7   15.6   18.0   15.5   12.7    5.9    6.1   -1.1
 1927   -2.3   -2.3    3.6    5.0    8.3   14.1   19.1   17.0   13.0    7.6    0.7   -5.4
 1928   -1.3   -1.5    0.1    6.0   10.2   11.8   15.8   14.9   12.0    8.4    6.2   -2.8
 1929   -6.5  -12.6   -1.8    1.3   12.4   12.4   15.9   16.3   13.2    9.8    4.7    2.0
 1930    0.7   -1.2    1.7    8.6   11.4   16.4   16.6   15.8   11.7    9.2    4.2   -2.2
 1931   -2.1   -4.3   -3.0    4.1   15.3   13.8   17.3   15.7   10.3    6.7    1.9    0.1
 1932    0.5   -4.8   -2.7    6.3   13.6   13.7   19.8   17.8   14.2    7.9    3.5    1.4
 1933   -6.1   -2.4    1.4    4.1    9.9   14.7   17.8   15.7   12.5    7.8    0.8   -4.7
 1934   -1.6    1.1    3.1    8.9   13.5   15.4   16.9   17.6   15.8    9.9    5.6   -0.8
 1935   -4.9   -0.4    0.7    6.9    9.3   17.3   15.9   16.2   13.1    9.1    2.8    0.1
 1936    0.9   -4.0    2.8    6.5   13.7   16.4   19.1   16.5   12.2    5.3    3.4    1.4
 1937   -6.2   -1.3    0.9    8.0   15.0   17.0   17.0   18.3   14.5    8.9    3.0   -3.6
 1938   -1.8    0.1    4.7    5.1   11.0   15.0   18.0   19.4   14.2    9.4    5.9   -4.5
 1939    0.5    2.0    0.7    7.6   10.5   16.3   19.2   21.0   12.8    4.6    3.3   -3.1
 1940  -11.0  -11.7   -2.5    5.1   13.0   16.8   17.9   14.6   11.5    6.5    4.8   -3.3
 1941  -10.8   -3.5   -0.1    3.8    9.4   14.3   19.9   16.0   11.0    6.1   -1.6   -0.4
 1942  -11.4   -7.9   -5.9    4.9   10.9   13.2   15.9   18.6   14.1    9.4    1.6    1.2
 1943   -5.4    2.1    3.8    7.9   10.7   15.9   16.3   17.3   13.4    9.3    2.5    0.5
 1944    1.3   -0.6    0.3    5.0   10.7   14.3   19.5   19.2   13.2    8.8    3.3   -1.5
 1945 -999.9 -999.9 -999.9 -999.9 -999.9 -999.9 -999.9 -999.9 -999.9 -999.9 -999.9 -999.9
 1946 -999.9 -999.9 -999.9 -999.9 -999.9 -999.9 -999.9 -999.9 -999.9 -999.9 -999.9 -999.9
 1947   -8.2  -12.5   -1.5    6.0   12.5   16.6   18.1   16.7   14.6    6.5    3.4    0.9
 1948   -0.7   -3.6    1.2    8.8   13.0   14.4   16.9   16.8   13.7    8.0    3.3    0.7
 1949    0.1    1.3   -0.3    7.6   13.9   14.3   17.4   15.6   14.9    9.0    5.0    2.7
 1950   -8.1   -0.1    1.8    7.8   12.6   15.8   16.4   17.0   13.1    7.5    3.6    0.1
 1951   -3.6   -2.0   -1.3    7.4   10.0   15.9   17.1   19.2   14.4    5.9    4.4    2.8
 1952    0.1   -2.2   -4.2    7.8   10.0   13.8   17.0   17.0   11.0    6.8    1.3   -1.5
 1953   -2.4   -2.7    2.2    7.8   11.8   17.5   18.6   16.3   12.7    9.1    2.7   -1.2
 1954   -6.1  -10.5    1.2    3.6   12.2   17.1   16.6   16.2   13.6    8.2    1.9    2.2
 1955   -3.0   -3.0   -1.9    3.2    9.4   13.6   18.5   19.3   14.6    8.4    3.4   -0.3
 1956   -2.0  -11.4   -1.8    3.7   11.1   16.6   16.4   14.2   11.9    7.9   -0.2    0.5
 1957   -0.4    2.1    0.9    6.2    9.7   14.8   17.8   16.1   11.3    8.8    4.8   -0.6
 1958   -2.8   -2.0   -3.1    3.5   12.3   14.2   17.2   16.1   12.9    9.9    4.1   -0.1
 1959   -0.7   -0.7    3.4    7.8   11.0   15.5   19.9   18.6   11.7    7.5    2.6   -2.5
 1960   -4.0   -4.6   -1.3    5.5   11.5   15.6   16.8   16.6   11.9    6.9    4.1    2.5
 1961   -1.9    1.6    4.2    7.6   10.6   17.4   15.7   15.3   13.2   10.2    4.0   -2.6
 1962    0.5   -2.0   -3.2    7.8    9.3   13.6   15.1   15.4   11.6    8.8    3.3   -3.8
 1963  -10.3   -7.6   -2.8    5.9   13.6   15.2   18.4   18.0   14.2    8.4    5.1   -3.3
 1964   -2.3   -6.4   -4.4    3.8    8.2   13.2   14.4   13.6   10.8    5.8    3.1    0.0
 1965   -0.9   -4.7   -1.0    5.3    8.9   15.3   15.4   15.2   14.2    8.5   -1.4    0.4
 1966   -5.4   -3.4    1.6    5.2   11.7   16.7   17.8   16.2   12.2    9.3    2.1   -0.6
 1967   -5.6    0.1    4.8    6.1   12.6   15.0   18.0   17.2   15.3   11.0    4.3   -1.5
 1968   -5.1   -2.5    2.5    7.8   10.3   17.5   16.6   17.7   13.3    7.8    3.0   -2.6
 1969   -6.9   -5.6   -2.0    4.9   12.1   15.6   18.0   16.7   13.3    8.4    4.5   -9.0
 1970   -7.9   -7.2   -0.3    5.1   11.8   16.2   16.5   16.4   12.2    7.6    3.6    0.7
 1971   -2.1    0.1   -1.0    6.4   14.0   15.1   17.7   18.2   11.4    9.0    2.0    3.2
 1972   -7.9   -1.0    1.9    5.7   11.8   16.0   19.8   17.2   12.1    6.6    4.7    1.3
 1973   -1.4    1.6    3.6    6.0   11.5   16.4   18.1   17.8   11.9    6.4    1.9   -1.7
 1974   -0.7    1.6    2.8    5.9    9.5   14.5   15.4   16.8   13.2    6.9    4.2    2.8
 1975    2.6    1.1    3.7    5.7   12.9   15.1   18.8   18.6   15.8    8.6    1.7    2.2
 1976   -2.8   -5.6   -1.5    5.7   11.0   13.7   17.3   16.1   12.4    4.9    4.6   -1.3
 1977   -2.2   -1.5    3.2    5.0   10.9   16.1   15.5   15.7   10.8    8.8    5.5   -0.1
 1978   -1.1   -4.9    2.7    5.3   11.1   14.8   15.9   15.9   10.9    8.3    6.7   -6.2
 1979   -7.8   -5.6    0.5    5.5   13.6   18.2   14.6   16.2   13.1    6.2    2.6    0.8
 1980   -5.3   -4.6   -3.0    5.5    8.5   15.9   16.4   16.1   12.8    8.3    1.3    0.7
 1981   -3.0   -1.6    2.1    4.8   13.6   16.0   17.1   16.0   13.6    8.6    3.3   -3.5
 1982   -4.5   -2.3    2.9    5.0   11.8   13.8   18.2   17.7   13.8    8.3    5.3    1.6
 1983    3.4   -2.3    2.7    7.9   13.7   15.1   18.0   17.8   14.0    9.0    2.9    0.7
 1984    0.4   -2.3    0.2    7.6   13.1   13.7   15.7   17.2   12.2   10.7    2.1   -0.3
 1985  -10.1   -9.5    0.9    5.8   13.7   14.6   16.6   17.3   11.7    9.8    1.1   -1.9
 1986   -1.3   -9.6    1.5    6.2   13.2   15.4   17.6   16.2   10.6    9.0    5.9   -0.1
 1987  -13.9   -2.4   -3.6    5.3   10.1   14.1   16.5   15.2   12.1    8.0    3.6    3.0
 1988   -0.2    0.2    0.1    5.7   13.5   16.2   18.6   17.0   14.1    7.3    0.9   -0.7
 1989    3.3    3.8    4.9    7.8   12.4   15.4   18.0   13.9   13.9    9.9    2.6    0.3
