# xyscan Version 3.3.1
# Date: Tue Aug  1 19:51:35 2017
# Scanned by: gbsrt
# Source: /home/gbsrt/Documents/DATA/zabinskie/can_map.png
# Comment: 
# Format: x y -dx +dx -dy +dy
-77.4419	49.6701	0	0	0	0	
-77.0058	49.9653	0	0	0	0	
-77.7035	50.4514	0	0	0	0	
-77.936	50.625	0	0	0	0	
-77.6453	50.9896	0	0	0	0	
-77.6163	51.1458	0	0	0	0	
-77.5872	51.2847	0	0	0	0	
-77.5872	51.4062	0	0	0	0	
-77.4419	51.7708	0	0	0	0	
-77.3547	51.9444	0	0	0	0	
-77.3547	51.9792	0	0	0	0	
-77.2384	51.9792	0	0	0	0	
-77.2384	52.0486	0	0	0	0	
-77.1221	52.066	0	0	0	0	
-77.4419	52.3785	0	0	0	0	
-77.4419	52.4479	0	0	0	0	
-77.5291	52.6215	0	0	0	0	
-77.4709	52.6562	0	0	0	0	
-77.3837	52.691	0	0	0	0	
-77.3547	52.7257	0	0	0	0	
-77.2674	52.7778	0	0	0	0	
-77.7326	53.2986	0	0	0	0	
-77.6453	53.3507	0	0	0	0	
-77.7907	53.4028	0	0	0	0	
-77.9651	53.4722	0	0	0	0	
-77.907	53.5243	0	0	0	0	
-77.5872	53.7326	0	0	0	0	
-78.1105	55.0174	0	0	0	0	
-78.0233	54.9132	0	0	0	0	
-77.5581	54.9306	0	0	0	0	
-77.5291	55.2257	0	0	0	0	
-77.2384	55.2604	0	0	0	0	
-77.2384	55.0347	0	0	0	0	
-76.8314	55.0347	0	0	0	0	
-76.5698	55.0694	0	0	0	0	
-76.3953	55.3646	0	0	0	0	
-76.5116	55.4167	0	0	0	0	
-76.7733	55.4167	0	0	0	0	
-76.7733	55.4688	0	0	0	0	
-76.8895	55.5035	0	0	0	0	
-76.1919	55.9896	0	0	0	0	
-75.9884	55.8854	0	0	0	0	
-75.6105	56.059	0	0	0	0	
-75.4651	56.4062	0	0	0	0	
-75.6395	56.8056	0	0	0	0	
-76.1628	57.3438	0	0	0	0	
-76.2209	57.7257	0	0	0	0	
-77.5581	58.1597	0	0	0	0	
-78.343	58.4549	0	0	0	0	
-78.1395	58.4549	0	0	0	0	
-78.4302	58.6632	0	0	0	0	
-78.343	58.8368	0	0	0	0	
-78.1105	58.9931	0	0	0	0	
-77.5581	58.8889	0	0	0	0	
-77.5581	58.941	0	0	0	0	
-77.5581	59.0278	0	0	0	0	
-77.7326	59.2361	0	0	0	0	
-77.7326	59.3229	0	0	0	0	
-77.7326	59.3924	0	0	0	0	
-77.5872	49.2188	0	0	0	0
#extra southern sites - should be eight only four visible on map
-77.5872	49.2188	0	0	0	0
-77.5872	48.7188	0	0	0	0
-77.5872	48.2188	0	0	0	0

# EoF
