"Year CE" "Temperature Anomaly"
1000 NA
1001 NA
1002 NA
1003 NA
1004 NA
1005 NA
1006 NA
1007 NA
1008 1.1484
1009 2.7917
1010 3.4005
1011 4.0093
1012 4.6181
1013 3.913483333
1014 3.208866667
1015 2.50425
1016 1.799633333
1017 1.095016667
1018 0.3904
1019 0.805244444
1020 1.220088889
1021 1.634933333
1022 2.049777778
1023 2.464622222
1024 2.879466667
1025 3.294311111
1026 3.709155556
1027 4.124
1028 3.673190909
1029 3.222381818
1030 2.771572727
1031 2.320763636
1032 1.869954545
1033 1.419145455
1034 0.968336364
1035 0.517527273
1036 0.066718182
1037 -0.384090909
1038 -0.8349
1039 -0.531133333
1040 -0.227366667
1041 0.0764
1042 0.380166667
1043 0.683933333
1044 0.9877
1045 1.291466667
1046 1.595233333
1047 1.899
1048 2.202766667
1049 2.506533333
1050 2.8103
1051 2.725572973
1052 2.640845946
1053 2.556118919
1054 2.471391892
1055 2.386664865
1056 2.301937838
1057 2.217210811
1058 2.132483784
1059 2.047756757
1060 1.96302973
1061 1.878302703
1062 1.793575676
1063 1.708848649
1064 1.624121622
1065 1.539394595
1066 1.454667568
1067 1.369940541
1068 1.285213514
1069 1.200486486
1070 1.115759459
1071 1.031032432
1072 0.946305405
1073 0.861578378
1074 0.776851351
1075 0.692124324
1076 0.607397297
1077 0.52267027
1078 0.437943243
1079 0.353216216
1080 0.268489189
1081 0.183762162
1082 0.099035135
1083 0.014308108
1084 -0.070418919
1085 -0.155145946
1086 -0.239872973
1087 -0.3246
1088 -0.287187879
1089 -0.249775758
1090 -0.212363636
1091 -0.174951515
1092 -0.137539394
1093 -0.100127273
1094 -0.062715152
1095 -0.02530303
1096 0.012109091
1097 0.049521212
1098 0.086933333
1099 0.124345455
1100 0.161757576
1101 0.199169697
1102 0.236581818
1103 0.273993939
1104 0.311406061
1105 0.348818182
1106 0.386230303
1107 0.423642424
1108 0.461054545
1109 0.498466667
1110 0.535878788
1111 0.573290909
1112 0.61070303
1113 0.648115152
1114 0.685527273
1115 0.722939394
1116 0.760351515
1117 0.797763636
1118 0.835175758
1119 0.872587879
1120 0.91
1121 0.967384615
1122 1.024769231
1123 1.082153846
1124 1.139538462
1125 1.196923077
1126 1.254307692
1127 1.311692308
1128 1.369076923
1129 1.426461538
1130 1.483846154
1131 1.541230769
1132 1.598615385
1133 1.656
1134 1.713384615
1135 1.770769231
1136 1.828153846
1137 1.885538462
1138 1.942923077
1139 2.000307692
1140 2.057692308
1141 2.115076923
1142 2.172461538
1143 2.229846154
1144 2.287230769
1145 2.344615385
1146 2.402
1147 2.371060606
1148 2.340121212
1149 2.309181818
1150 2.278242424
1151 2.24730303
1152 2.216363636
1153 2.185424242
1154 2.154484848
1155 2.123545455
1156 2.092606061
1157 2.061666667
1158 2.030727273
1159 1.999787879
1160 1.968848485
1161 1.937909091
1162 1.906969697
1163 1.876030303
1164 1.845090909
1165 1.814151515
1166 1.783212121
1167 1.752272727
1168 1.721333333
1169 1.690393939
1170 1.659454545
1171 1.628515152
1172 1.597575758
1173 1.566636364
1174 1.53569697
1175 1.504757576
1176 1.473818182
1177 1.442878788
1178 1.411939394
1179 1.381
1180 1.414331579
1181 1.447663158
1182 1.480994737
1183 1.514326316
1184 1.547657895
1185 1.580989474
1186 1.614321053
1187 1.647652632
1188 1.680984211
1189 1.714315789
1190 1.747647368
1191 1.780978947
1192 1.814310526
1193 1.847642105
1194 1.880973684
1195 1.914305263
1196 1.947636842
1197 1.980968421
1198 2.0143
1199 1.858615789
1200 1.702931579
1201 1.547247368
1202 1.391563158
1203 1.235878947
1204 1.080194737
1205 0.924510526
1206 0.768826316
1207 0.613142105
1208 0.457457895
1209 0.301773684
1210 0.146089474
1211 -0.009594737
1212 -0.165278947
1213 -0.320963158
1214 -0.476647368
1215 -0.632331579
1216 -0.788015789
1217 -0.9437
1218 -0.882776471
1219 -0.821852941
1220 -0.760929412
1221 -0.700005882
1222 -0.639082353
1223 -0.578158824
1224 -0.517235294
1225 -0.456311765
1226 -0.395388235
1227 -0.334464706
1228 -0.273541176
1229 -0.212617647
1230 -0.151694118
1231 -0.090770588
1232 -0.029847059
1233 0.031076471
1234 0.092
1235 0.2958375
1236 0.499675
1237 0.7035125
1238 0.90735
1239 1.1111875
1240 1.315025
1241 1.5188625
1242 1.7227
1243 1.519875
1244 1.31705
1245 1.114225
1246 0.9114
1247 0.986025
1248 1.06065
1249 1.135275
1250 1.2099
1251 0.921466667
1252 0.633033333
1253 0.3446
1254 -1.3931
1255 -1.09935
1256 -0.8056
1257 -0.38022
1258 0.04516
1259 0.47054
1260 0.89592
1261 1.3213
1262 0.617243333
1263 -0.086813333
1264 -0.79087
1265 -1.494926667
1266 -2.198983333
1267 -2.90304
1268 -2.770112
1269 -2.637184
1270 -2.504256
1271 -2.371328
1272 -2.2384
1273 -2.650083333
1274 -3.061766667
1275 -3.47345
1276 -2.535866667
1277 -1.598283333
1278 -0.6607
1279 -0.637975
1280 -0.61525
1281 -0.592525
1282 -0.5698
1283 -1.928245
1284 -3.28669
1285 -3.130593333
1286 -2.974496667
1287 -2.8184
1288 -1.71015
1289 -0.6019
1290 -0.53332
1291 -0.46474
1292 -0.39616
1293 -0.32758
1294 -0.259
1295 -0.237225
1296 -0.21545
1297 -0.193675
1298 -0.1719
1299 -0.043025
1300 0.08585
1301 0.214725
1302 0.3436
1303 0.429525
1304 0.51545
1305 0.601375
1306 0.6873
1307 -0.1732
1308 -1.0337
1309 -1.1099
1310 -0.3483
1311 -0.16645
1312 0.0154
1313 0.19725
1314 0.3791
1315 0.122357143
1316 -0.134385714
1317 -0.391128571
1318 -0.647871429
1319 -0.904614286
1320 -1.161357143
1321 -1.4181
1322 -1.368085714
1323 -1.318071429
1324 -1.268057143
1325 -1.218042857
1326 -1.168028571
1327 -1.118014286
1328 -1.068
1329 -0.473775
1330 0.12045
1331 0.714675
1332 1.3089
1333 0.698675
1334 0.08845
1335 -0.521775
1336 -1.132
1337 -0.94575
1338 -0.7595
1339 -0.57325
1340 -0.387
1341 -0.5743375
1342 -0.761675
1343 -0.9490125
1344 -1.13635
1345 -1.745175
1346 -2.354
1347 -0.86795
1348 0.6181
1349 0.7508
1350 0.8835
1351 1.0162
1352 1.1489
1353 0.733225
1354 0.31755
1355 -0.098125
1356 -0.5138
1357 -0.862375
1358 -1.21095
1359 -1.559525
1360 -1.9081
1361 -2.609265
1362 -3.31043
1363 -4.119945
1364 -4.92946
1365 -4.770523571
1366 -4.611587143
1367 -4.452650714
1368 -4.293714286
1369 -4.134777857
1370 -3.975841429
1371 -3.816905
1372 -3.657968571
1373 -3.499032143
1374 -3.340095714
1375 -3.181159286
1376 -3.022222857
1377 -2.863286429
1378 -2.70435
1379 -2.489246875
1380 -2.27414375
1381 -2.059040625
1382 -1.8439375
1383 -1.628834375
1384 -1.41373125
1385 -1.198628125
1386 -0.983525
1387 -0.768421875
1388 -0.55331875
1389 -0.338215625
1390 -0.1231125
1391 0.091990625
1392 0.30709375
1393 0.522196875
1394 0.7373
1395 0.586075
1396 0.43485
1397 0.283625
1398 0.1324
1399 0.022725
1400 -0.08695
1401 -0.196625
1402 -0.3063
1403 -0.415575
1404 -0.52485
1405 -0.634125
1406 -0.7434
1407 -1.888515
1408 -3.03363
1409 -2.583715
1410 -2.1338
1411 -1.64405
1412 -1.1543
1413 -0.54325
1414 0.0678
1415 -0.240325
1416 -0.54845
1417 -0.856575
1418 -1.1647
1419 -0.688833333
1420 -0.212966667
1421 0.2629
1422 0.738766667
1423 1.214633333
1424 1.6905
1425 1.0723
1426 0.4541
1427 0.1351
1428 -0.1839
1429 -0.5029
1430 -1.27967
1431 -2.05644
1432 -2.83321
1433 -2.620273333
1434 -2.407336667
1435 -2.1944
1436 -1.76105
1437 -1.3277
1438 -0.89435
1439 -0.461
1440 -0.260666667
1441 -0.060333333
1442 0.14
1443 0.078433333
1444 0.016866667
1445 -0.0447
1446 -0.106266667
1447 -0.167833333
1448 -0.2294
1449 -0.44325
1450 -0.6571
1451 -0.87095
1452 -1.0848
1453 -1.29865
1454 -1.5125
1455 -2.925615
1456 -4.33873
1457 -3.294415
1458 -2.2501
1459 -1.01
1460 -1.198875
1461 -1.38775
1462 -1.576625
1463 -1.7655
1464 -1.54012
1465 -1.31474
1466 -1.08936
1467 -0.86398
1468 -0.6386
1469 -0.64175
1470 -0.6449
1471 -0.64805
1472 -0.6512
1473 -0.1857
1474 0.2798
1475 0.397425
1476 0.51505
1477 0.70555
1478 0.89605
1479 0.31755
1480 -0.26095
1481 1.242825
1482 2.7466
1483 1.459
1484 0.1714
1485 -1.1162
1486 -0.787566667
1487 -0.458933333
1488 -0.1303
1489 0.6966
1490 1.5235
1491 2.3504
1492 3.1773
1493 1.868475
1494 0.55965
1495 -0.749175
1496 -2.058
1497 -1.6562
1498 -1.2544
1499 -0.8526
1500 -0.4508
1501 -0.049
1502 0.3528
1503 0.7546
1504 1.1564
1505 1.5582
1506 1.96
1507 1.784957143
1508 1.609914286
1509 1.434871429
1510 1.259828571
1511 1.084785714
1512 0.909742857
1513 0.7347
1514 0.559657143
1515 0.384614286
1516 0.209571429
1517 0.034528571
1518 -0.140514286
1519 -0.315557143
1520 -0.4906
1521 -0.540725
1522 -0.59085
1523 -0.640975
1524 -0.6911
1525 -0.741225
1526 -0.79135
1527 -0.841475
1528 -0.8916
1529 -1.0699
1530 -1.2482
1531 -0.4723
1532 0.3036
1533 0.19392
1534 0.08424
1535 -0.02544
1536 -0.13512
1537 -0.2448
1538 -0.594033333
1539 -0.943266667
1540 -1.2925
1541 -1.641733333
1542 -1.990966667
1543 -2.3402
1544 -1.7751
1545 -1.21
1546 -0.6449
1547 -0.0798
1548 -0.161533333
1549 -0.243266667
1550 -0.325
1551 -0.00815
1552 0.3087
1553 0.62555
1554 0.9424
1555 0.70288
1556 0.46336
1557 0.22384
1558 -0.01568
1559 -0.2552
1560 -0.694206
1561 -1.133212
1562 -1.572218
1563 -2.011224
1564 -2.45023
1565 -1.388915
1566 -0.3276
1567 -0.6383
1568 -0.949
1569 -1.223
1570 -1.497
1571 -0.383
1572 0.731
1573 -0.32325
1574 -1.3775
1575 -0.5869
1576 0.2037
1577 0.9943
1578 0.9329
1579 0.8715
1580 0.8101
1581 0.62815
1582 0.4462
1583 0.26425
1584 0.0823
1585 -0.192025
1586 -0.46635
1587 -0.740675
1588 -1.015
1589 -2.91693
1590 -4.81886
1591 -4.166685
1592 -3.51451
1593 -1.087105
1594 1.3403
1595 -0.12187
1596 -1.58404
1597 -1.561116667
1598 -1.538193333
1599 -1.51527
1600 -1.492346667
1601 -1.469423333
1602 -1.4465
1603 -1.076075
1604 -0.70565
1605 -0.335225
1606 0.0352
1607 0.2798
1608 0.5244
1609 0.624375
1610 0.72435
1611 0.824325
1612 0.9243
1613 0.43715
1614 -0.05
1615 -0.53715
1616 -1.0243
1617 -1.51145
1618 -1.9986
1619 -2.48575
1620 -2.9729
1621 -2.93281125
1622 -2.8927225
1623 -2.85263375
1624 -2.812545
1625 -2.77245625
1626 -2.7323675
1627 -2.69227875
1628 -2.65219
1629 -2.30142875
1630 -1.9506675
1631 -1.59990625
1632 -1.249145
1633 -0.89838375
1634 -0.5476225
1635 -0.19686125
1636 0.1539
1637 0.217211111
1638 0.280522222
1639 0.343833333
1640 0.407144444
1641 0.470455556
1642 0.533766667
1643 0.597077778
1644 0.660388889
1645 0.7237
1646 0.872077778
1647 1.020455556
1648 1.168833333
1649 1.317211111
1650 1.465588889
1651 1.613966667
1652 1.762344444
1653 1.910722222
1654 2.0591
1655 0.4608325
1656 -1.137435
1657 -2.7357025
1658 -4.33397
1659 -4.339876667
1660 -4.345783333
1661 -4.35169
1662 -2.406895
1663 -0.4621
1664 -0.4366
1665 -0.4111
1666 -0.3856
1667 -0.3601
1668 -0.3346
1669 -0.66400375
1670 -0.9934075
1671 -1.32281125
1672 -1.652215
1673 -1.98161875
1674 -2.3110225
1675 -2.64042625
1676 -2.96983
1677 -2.949315385
1678 -2.928800769
1679 -2.908286154
1680 -2.887771538
1681 -2.867256923
1682 -2.846742308
1683 -2.826227692
1684 -2.805713077
1685 -2.785198462
1686 -2.764683846
1687 -2.744169231
1688 -2.723654615
1689 -2.70314
1690 -2.524790667
1691 -2.346441333
1692 -2.168092
1693 -1.989742667
1694 -1.811393333
1695 -1.633044
1696 -1.454694667
1697 -1.276345333
1698 -1.097996
1699 -0.919646667
1700 -0.741297333
1701 -0.562948
1702 -0.384598667
1703 -0.206249333
1704 -0.0279
1705 -0.0964
1706 -0.1649
1707 -0.2334
1708 -0.3019
1709 -0.3704
1710 -0.4389
1711 -0.5074
1712 -0.5759
1713 -0.88975
1714 -1.2036
1715 -1.51745
1716 -1.8313
1717 -1.22432
1718 -0.61734
1719 -0.01036
1720 0.59662
1721 1.2036
1722 1.44328
1723 1.68296
1724 1.92264
1725 2.16232
1726 2.402
1727 2.402
1728 2.402
1729 2.402
1730 1.115733333
1731 -0.170533333
1732 -1.4568
1733 -0.59125
1734 0.2743
1735 1.13985
1736 2.0054
1737 1.5067
1738 1.008
1739 0.5093
1740 0.0106
1741 -0.4881
1742 -0.9868
1743 -1.1678
1744 -1.3488
1745 -1.5298
1746 -1.7108
1747 -1.8918
1748 -1.878357143
1749 -1.864914286
1750 -1.851471429
1751 -1.838028571
1752 -1.824585714
1753 -1.811142857
1754 -1.7977
1755 -1.66339
1756 -1.52908
1757 -1.39477
1758 -1.26046
1759 -1.12615
1760 -0.99184
1761 -0.85753
1762 -0.72322
1763 -0.58891
1764 -0.4546
1765 -0.294566667
1766 -0.134533333
1767 0.0255
1768 0.185533333
1769 0.345566667
1770 0.5056
1771 -0.8975
1772 -2.3006
1773 -1.7208
1774 -0.2142
1775 1.2924
1776 -0.2027
1777 -1.6978
1778 -1.56985
1779 -1.4419
1780 0.5863
1781 2.6145
1782 1.47625
1783 0.338
1784 -0.4897
1785 0.8996
1786 -0.731
1787 -0.99555
1788 -1.2601
1789 -0.41365
1790 0.4328
1791 1.74645
1792 3.0601
1793 -0.8831
1794 1.2563
1795 -0.2214
1796 1.4491
1797 -2.3589
1798 -0.298
1799 -0.24685
1800 -0.1957
1801 0.1605
1802 0.5167
1803 2.1523
1804 2.2567
1805 1.9394
1806 1.007
1807 1.41375
1808 1.8205
1809 1.7292
1810 0.9494
1811 -0.9363
1812 -0.74315
1813 1.191525
1814 3.1262
1815 -1.4241
1816 -0.5025
1817 -0.3673
1818 -0.2321
1819 0.863
1820 0.42775
1821 -0.0075
1822 -0.15285
1823 -0.2982
1824 -0.47805
1825 -0.6579
1826 2.2062
1827 2.4548
1828 2.7034
1829 2.3554
1830 2.0074
1831 -1.3695
1832 -0.79805
1833 -0.2266
1834 0.74505
1835 1.7167
1836 -1.0791
1837 0.36025
1838 1.7996
1839 0.9101
1840 0.0206
1841 0.73335
1842 1.4461
1843 -0.8636
1844 -0.771133333
1845 -0.678666667
1846 -0.5862
1847 -0.028366667
1848 0.529466667
1849 1.0873
1850 1.983233333
1851 2.879166667
1852 3.7751
1853 2.077866667
1854 0.380633333
1855 -1.3166
1856 -0.754033333
1857 -0.191466667
1858 0.3711
1859 0.2199
1860 0.0687
1861 -0.0825
1862 0.1755
1863 0.4335
1864 1.0333
1865 1.6331
1866 1.1793
1867 0.7255
1868 0.0674
1869 -0.5907
1870 -1.1423
1871 -1.6939
1872 -0.7313
1873 0.2313
1874 1.37215
1875 2.513
1876 1.12685
1877 -0.2593
1878 0.12625
1879 0.5118
1880 0.362966667
1881 0.214133333
1882 0.0653
1883 0.0576
1884 0.0499
1885 0.0422
1886 -0.0111
1887 0.3159
1888 0.2981
1889 0.2803
1890 -0.473033333
1891 -1.226366667
1892 -1.9797
1893 -1.4808
1894 -0.9819
1895 -0.0543
1896 0.371366667
1897 0.797033333
1898 1.2227
1899 0.8538
1900 0.4849
1901 0.116
1902 0.0314
1903 -0.0532
1904 -0.1378
1905 -0.2224
1906 -0.533
1907 -0.8436
1908 -1.1542
1909 -1.4648
1910 -1.0122
1911 -0.5596
1912 -0.107
1913 -0.303866667
1914 -0.500733333
1915 -0.6976
1916 0.106666667
1917 0.910933333
1918 1.7152
1919 0.17545
1920 -1.3643
1921 -0.896625
1922 -0.42895
1923 0.038725
1924 0.5064
1925 0.386625
1926 0.26685
1927 0.147075
1928 0.0273
1929 0.5114
1930 0.196
1931 1.47875
1932 2.3829
1933 0.8442
1934 1.0208
1935 2.229
1936 0.4986
1937 1.2028
1938 0.136
1939 -0.9308
1940 0.2363
1941 1.4034
1942 1.5864
1943 1.2275
1944 0.2078
1945 1.7423
1946 2.1176
1947 1.5264
1948 -2.84142
1949 1.5932
1950 0.7567
1951 2.098833333
1952 3.440966667
1953 4.7831
1954 3.71925
1955 2.6554
1956 0.2748
1957 -0.0962
1958 0.46065
1959 1.0175
1960 0.4502
1961 -0.1171
1962 1.0596
1963 0.775966667
1964 0.492333333
1965 0.2087
1966 -0.11625
1967 -0.4412
1968 -1.5608
1969 -0.8922
1970 -0.2236
1971 -0.514366667
1972 -0.805133333
1973 -1.0959
1974 -0.320366667
1975 0.455166667
1976 1.2307
1977 0.6436
1978 0.3413
1979 0.039
1980 -0.352975
1981 -0.74495
1982 -0.382775
1983 -0.0206
1984 0.3015
1985 0.6236
1986 0.10785
1987 -0.4079
1988 0.1914
1989 0.7907
1990 1.39
1991 0.7644
1992 0.1388
1993 -0.4868
1994 -0.3575
1995 -0.2282
1996 0.9116
1997 1.905
1998 2.8984
1999 3.65085
2000 4.4033
2001 NA
2002 NA
2003 NA
2004 NA
2005 NA
2006 NA
2007 NA
2008 NA
