Federal Office of Meteorology and Climatology MeteoSwiss
MeteoSchweiz / MeteoSuisse / MeteoSvizzera / MeteoSwiss

Monthly homogenized values

Station:                  Segl-Maria
Altitude [m asl]:         1804 m
Coordinates:              46° 25.9' N / 9° 45.7' E

Reference date of homogenization:
         Temperature:     01.12.2007
         Precipitation:   01.12.2007

Last inhomogeneity provisionally corrected:
         Temperature:     yes
         Precipitation:   yes

Units:
         Temperature:     °C
         Precipitation:   mm

Missing values:           NA

Data source:              MeteoSwiss
Creation date:            7.08.2017


Year  Month        Temperature      Precipitation  
1864      1              -11.0                4.9  
1864      2               -7.8               54.0  
1864      3               -3.9               68.1  
1864      4               -1.7               35.1  
1864      5                4.6               46.5  
1864      6                7.9              117.8  
1864      7               10.4               84.8  
1864      8                9.0              151.9  
1864      9                7.1              147.7  
1864     10                1.6              140.3  
1864     11               -2.4               63.0  
1864     12               -7.6                9.0  
1865      1               -7.7               51.2  
1865      2               -9.8                7.8  
1865      3               -8.8               46.6  
1865      4                2.2                5.3  
1865      5                6.8              114.6  
1865      6                8.9               79.7  
1865      7               11.4              119.3  
1865      8                9.6              233.6  
1865      9                9.1               11.1  
1865     10                2.6              173.0  
1865     11               -1.2              140.0  
1865     12               -6.2               38.0  
1866      1               -5.4               32.0  
1866      2               -3.9               54.9  
1866      3               -4.0              102.7  
1866      4                0.2              172.9  
1866      5                2.3              125.8  
1866      6                9.3               75.8  
1866      7               10.4              107.4  
1866      8                8.8               98.3  
1866      9                7.6               97.5  
1866     10                3.1                7.4  
1866     11               -2.4               20.4  
1866     12               -3.8               41.0  
1867      1               -6.2              147.7  
1867      2               -2.6                6.0  
1867      3               -2.6               58.9  
1867      4                0.9               79.8  
1867      5                4.7              120.6  
1867      6                8.7               82.5  
1867      7                9.6               92.1  
1867      8               10.7               64.9  
1867      9                8.4              153.0  
1867     10                0.8              145.6  
1867     11               -3.1               59.3  
1867     12               -8.0              114.7  
1868      1               -8.9               38.1  
1868      2               -5.3                5.4  
1868      3               -5.3               50.7  
1868      4               -0.6              101.4  
1868      5                8.0               44.6  
1868      6               10.0              117.9  
1868      7               10.7               86.3  
1868      8               11.0               76.0  
1868      9                8.5              233.4  
1868     10                3.9              222.8  
1868     11               -4.3               74.9  
1868     12               -2.6               57.1  
1869      1               -9.2                6.7  
1869      2               -2.2               14.5  
1869      3               -6.6              100.1  
1869      4                0.5               42.9  
1869      5                6.7              144.5  
1869      6                6.5              115.0  
1869      7               12.5               59.6  
1869      8                9.9              109.6  
1869      9                8.7               79.0  
1869     10                1.0               64.7  
1869     11               -1.9               24.2  
1869     12               -6.1              116.3  
1870      1               -9.9               11.2  
1870      2               -7.1               42.9  
1870      3               -4.9               14.6  
1870      4               -0.7               11.3  
1870      5                6.0               48.1  
1870      6                9.3               42.4  
1870      7               11.9              110.8  
1870      8                8.6               81.6  
1870      9                6.7               68.3  
1870     10                1.8               51.9  
1870     11               -2.3              177.5  
1870     12               -8.3               42.0  
1871      1              -10.5              128.0  
1871      2               -6.2                4.5  
1871      3               -3.6               25.0  
1871      4                0.2               44.7  
1871      5                3.5               35.0  
1871      6                5.2              148.7  
1871      7               11.2              123.6  
1871      8               10.3               55.7  
1871      9                9.0               67.1  
1871     10                1.6                5.9  
1871     11               -4.5              102.0  
1871     12              -11.5                8.2  
1872      1               -6.8               80.3  
1872      2               -7.4               34.9  
1872      3               -3.3               76.9  
1872      4                0.7              114.9  
1872      5                3.4              258.4  
1872      6                8.2              127.5  
1872      7               10.9              103.8  
1872      8                9.2              181.4  
1872      9                7.7              138.3  
1872     10                4.1              252.9  
1872     11               -1.1               64.7  
1872     12               -3.7              254.5  
1873      1               -6.4               51.3  
1873      2               -7.7               40.2  
1873      3               -1.8               83.4  
1873      4               -1.2               33.4  
1873      5                2.9               62.1  
1873      6                8.3               42.0  
1873      7               12.0              156.4  
1873      8               11.4              104.8  
1873      9                6.9              168.8  
1873     10                4.1              196.1  
1873     11               -1.9               99.3  
1873     12               -5.9               18.7  
1874      1               -6.9               20.0  
1874      2               -7.4               16.4  
1874      3               -4.9               11.1  
1874      4                1.2              113.0  
1874      5                1.7               30.7  
1874      6                8.9              130.2  
1874      7               12.8              126.5  
1874      8                9.9              142.6  
1874      9                9.0               44.4  
1874     10                3.7               35.5  
1874     11               -5.6              124.6  
1874     12               -9.5              169.8  
1875      1               -6.3               73.5  
1875      2               -9.5               24.6  
1875      3               -5.2                6.5  
1875      4               -1.5               53.3  
1875      5                6.0               57.8  
1875      6                8.9              168.9  
1875      7                9.4              156.9  
1875      8               11.2              106.1  
1875      9                7.9               13.0  
1875     10                2.1              110.5  
1875     11               -3.5               35.2  
1875     12               -7.7               10.8  
1876      1               -7.5               14.3  
1876      2               -6.0               14.5  
1876      3               -3.9              115.3  
1876      4                0.1              292.5  
1876      5                2.1              116.5  
1876      6                8.2               71.3  
1876      7               11.5               62.6  
1876      8               10.8              102.3  
1876      9                6.4              100.3  
1876     10                5.0               15.3  
1876     11               -3.3               16.5  
1876     12               -4.2               87.9  
1877      1               -5.0               26.8  
1877      2               -5.0               57.1  
1877      3               -5.7              149.7  
1877      4               -0.6               66.7  
1877      5                2.1              102.8  
1877      6               10.3               51.7  
1877      7                9.9              219.0  
1877      8               12.1               90.2  
1877      9                6.4               68.4  
1877     10                0.7               22.0  
1877     11               -1.6              121.8  
1877     12               -6.9               31.4  
1878      1               -8.5               18.9  
1878      2               -4.9                1.6  
1878      3               -5.2              103.3  
1878      4               -0.3               20.1  
1878      5                5.2              151.0  
1878      6                8.0               93.5  
1878      7               10.3               84.3  
1878      8               10.8              191.2  
1878      9                8.1              205.9  
1878     10                3.3              153.5  
1878     11               -4.4              173.0  
1878     12               -9.8               40.1  
1879      1               -7.6               40.4  
1879      2               -5.7               98.9  
1879      3               -3.4               28.4  
1879      4               -1.6              137.7  
1879      5                1.1              177.0  
1879      6                8.1               60.1  
1879      7                8.2              131.4  
1879      8               12.2              122.7  
1879      9                8.1               53.6  
1879     10                2.7               15.2  
1879     11               -4.6               62.2  
1879     12              -10.2               12.4  
1880      1               -9.0                0.0  
1880      2               -5.6               59.2  
1880      3               -2.1                7.6  
1880      4                1.0               60.6  
1880      5                4.5               55.8  
1880      6                6.9              137.6  
1880      7               11.6              122.3  
1880      8                9.8               71.9  
1880      9                8.1              117.1  
1880     10                3.8              162.2  
1880     11               -1.4              119.5  
1880     12               -2.8               57.6  
1881      1              -10.2               31.6  
1881      2               -6.3                7.6  
1881      3               -2.4               16.0  
1881      4                0.0               54.8  
1881      5                4.4               45.5  
1881      6                7.8               50.9  
1881      7               12.6               60.7  
1881      8               11.2              124.4  
1881      9                6.0               91.4  
1881     10                0.4               51.5  
1881     11                0.8               20.5  
1881     12               -6.2               46.8  
1882      1               -5.5                5.9  
1882      2               -6.5                5.0  
1882      3               -1.7               48.9  
1882      4               -0.7               82.3  
1882      5                4.8               51.5  
1882      6                7.4              126.6  
1882      7                9.9               84.9  
1882      8                9.0               98.0  
1882      9                6.1              324.9  
1882     10                3.2              198.0  
1882     11               -3.3               38.9  
1882     12               -5.0              124.3  
1883      1               -6.5               34.8  
1883      2               -4.9               30.6  
1883      3               -7.5               21.4  
1883      4               -1.5               35.5  
1883      5                4.4               47.5  
1883      6                7.7              119.6  
1883      7                9.5              119.2  
1883      8               10.0               44.6  
1883      9                6.6              127.3  
1883     10                1.4               83.4  
1883     11               -3.3               57.7  
1883     12               -5.8               36.5  
1884      1               -5.4               11.0  
1884      2               -5.6                9.9  
1884      3               -3.1               17.1  
1884      4                0.1               70.0  
1884      5                6.0               52.5  
1884      6                5.7               72.2  
1884      7               10.8              112.7  
1884      8               10.5               80.4  
1884      9                7.4               78.2  
1884     10                1.3               45.8  
1884     11               -3.7                0.4  
1884     12               -4.8               11.6  
1885      1               -9.4               27.1  
1885      2               -4.2               40.3  
1885      3               -2.9               41.6  
1885      4                0.4               82.7  
1885      5                2.3              128.9  
1885      6               10.1                9.0  
1885      7               11.8               25.0  
1885      8               10.1               76.0  
1885      9                7.0              263.9  
1885     10                1.2              145.3  
1885     11               -1.4               48.5  
1885     12               -5.3                2.1  
1886      1               -7.4               92.3  
1886      2               -8.5               11.9  
1886      3               -5.9               18.4  
1886      4                0.7               35.5  
1886      5                4.8               50.7  
1886      6                7.1               72.0  
1886      7               10.7              113.0  
1886      8               10.6               76.9  
1886      9                8.8               34.1  
1886     10                3.9               97.0  
1886     11               -2.3              121.1  
1886     12               -7.0              115.8  
1887      1              -10.1               38.7  
1887      2               -8.8               12.7  
1887      3               -4.4               40.2  
1887      4               -1.6               63.4  
1887      5                2.0               49.0  
1887      6                9.9               30.4  
1887      7               12.0               62.2  
1887      8               10.1               99.0  
1887      9                6.9              146.9  
1887     10               -1.0               49.1  
1887     11               -3.4              141.7  
1887     12               -9.3               35.1  
1888      1               -8.4                8.7  
1888      2               -7.9              123.9  
1888      3               -5.7              124.1  
1888      4               -1.8              122.4  
1888      5                4.1               12.3  
1888      6                8.1              118.8  
1888      7                8.5              138.7  
1888      8                9.4              108.6  
1888      9                7.8              249.4  
1888     10                0.5              127.4  
1888     11               -1.6               59.0  
1888     12               -5.5               24.5  
1889      1               -8.0               29.0  
1889      2               -8.2               21.0  
1889      3               -6.4               33.1  
1889      4               -2.0               64.2  
1889      5                5.7              102.5  
1889      6                9.4               75.8  
1889      7               10.0              118.5  
1889      8                9.8              140.8  
1889      9                6.3               55.8  
1889     10                2.5              240.8  
1889     11               -1.1               11.2  
1889     12               -8.1               32.6  
1890      1               -4.3               27.5  
1890      2               -9.1                4.9  
1890      3               -4.4               55.3  
1890      4               -1.1               89.1  
1890      5                5.0               82.0  
1890      6                8.0              120.1  
1890      7                8.5              227.1  
1890      8               10.0              247.0  
1890      9                6.4               72.3  
1890     10                1.4               17.8  
1890     11               -2.9               32.8  
1890     12              -10.1               28.0  
1891      1              -11.8                5.3  
1891      2               -6.7                1.4  
1891      3               -5.3               79.2  
1891      4               -3.0               28.2  
1891      5                3.5              124.4  
1891      6                8.2               63.6  
1891      7                9.3              226.2  
1891      8                8.3              269.4  
1891      9                7.7               51.1  
1891     10                4.0              166.8  
1891     11               -2.3              101.1  
1891     12               -5.1               48.0  
1892      1               -7.0               38.7  
1892      2               -5.5               94.2  
1892      3               -7.6               53.4  
1892      4               -0.4               63.1  
1892      5                4.5               21.6  
1892      6                8.5              129.4  
1892      7                9.6              106.8  
1892      8               11.0               45.3  
1892      9                7.5              138.7  
1892     10                1.5              173.6  
1892     11               -1.4               36.1  
1892     12               -8.0                3.3  
1893      1              -10.7               23.5  
1893      2               -6.7               71.5  
1893      3               -3.2                8.5  
1893      4                2.0               17.8  
1893      5                4.1               36.3  
1893      6                8.3               68.6  
1893      7               10.5              113.8  
1893      8               11.1               18.1  
1893      9                7.6              108.4  
1893     10                4.9               91.9  
1893     11               -3.2               43.6  
1893     12               -6.9               83.3  
1894      1               -9.1               53.1  
1894      2               -6.5               19.2  
1894      3               -4.2               31.8  
1894      4                1.2               68.1  
1894      5                4.1               85.8  
1894      6                8.0               55.3  
1894      7               11.2              134.3  
1894      8                9.9              108.0  
1894      9                6.3              142.7  
1894     10                2.6               84.9  
1894     11               -0.9               46.2  
1894     12               -7.4                8.4  
1895      1              -11.5              179.8  
1895      2              -11.8               13.7  
1895      3               -5.1               31.3  
1895      4                1.1               45.5  
1895      5                4.0               79.5  
1895      6                8.1               93.4  
1895      7               11.3              104.8  
1895      8                9.5              102.8  
1895      9                9.7               14.2  
1895     10                2.5               89.9  
1895     11                0.5               88.7  
1895     12               -5.2               48.1  
1896      1               -7.8               21.9  
1896      2               -5.5               17.9  
1896      3               -1.8               48.7  
1896      4               -1.9               52.1  
1896      5                3.4               41.5  
1896      6                8.3               97.7  
1896      7               10.7              200.3  
1896      8                7.5              195.6  
1896      9                6.5              161.7  
1896     10                2.0              335.3  
1896     11               -4.5               83.8  
1896     12               -6.4              116.5  
1897      1               -7.6               61.2  
1897      2               -3.3               20.4  
1897      3               -1.9               74.3  
1897      4                0.3               51.8  
1897      5                3.2               87.5  
1897      6                9.8               73.5  
1897      7               11.0               99.3  
1897      8               10.4              124.6  
1897      9                6.4              213.2  
1897     10                2.0               14.8  
1897     11               -1.2                9.0  
1897     12               -6.3               65.3  
1898      1               -5.0               21.5  
1898      2               -6.4               66.1  
1898      3               -3.6              184.7  
1898      4                0.4              114.7  
1898      5                3.4              188.9  
1898      6                7.3              190.7  
1898      7                9.5               57.1  
1898      8               11.7               80.2  
1898      9                9.0                4.5  
1898     10                4.5              128.2  
1898     11                0.8              223.6  
1898     12               -6.1               10.7  
1899      1               -4.7              111.1  
1899      2               -5.9               10.5  
1899      3               -3.9               22.3  
1899      4               -0.4              126.3  
1899      5                3.9               82.9  
1899      6                8.5               54.9  
1899      7               10.6               71.7  
1899      8               11.1               51.0  
1899      9                7.0              112.3  
1899     10                4.3               10.3  
1899     11                0.1                2.4  
1899     12               -6.6               70.8  
1900      1               -5.6               95.1  
1900      2               -4.6               70.0  
1900      3               -7.1               60.5  
1900      4               -1.4               22.3  
1900      5                4.4              111.1  
1900      6                9.4               68.9  
1900      7               11.6              118.7  
1900      8                9.4              222.5  
1900      9                8.9               63.2  
1900     10                3.9               30.0  
1900     11               -1.5              114.3  
1900     12               -3.9               10.5  
1901      1               -8.6               12.6  
1901      2              -12.9               51.9  
1901      3               -5.8              189.9  
1901      4               -0.1              120.1  
1901      5                3.9               82.3  
1901      6                9.2              168.1  
1901      7               10.2              173.8  
1901      8               10.3              108.4  
1901      9                7.9              102.9  
1901     10                2.6              112.5  
1901     11               -2.7               52.1  
1901     12               -5.2              124.0  
1902      1               -6.4               41.4  
1902      2               -5.6               92.7  
1902      3               -4.5              143.0  
1902      4                1.6               42.3  
1902      5                1.1               56.5  
1902      6                6.8              106.5  
1902      7               11.0              129.3  
1902      8                9.9              118.3  
1902      9                7.5              106.1  
1902     10                2.2              100.6  
1902     11               -2.7               44.0  
1902     12               -5.6               91.8  
1903      1               -9.1               61.7  
1903      2               -4.8               28.5  
1903      3               -3.3               34.3  
1903      4               -3.1              113.2  
1903      5                3.5              124.0  
1903      6                7.3               77.2  
1903      7                9.4              134.5  
1903      8               10.6              129.9  
1903      9                7.4               53.6  
1903     10                3.2              151.2  
1903     11               -2.5               78.2  
1903     12               -7.2               71.8  
1904      1               -8.3               27.9  
1904      2               -6.4              152.5  
1904      3               -4.2              158.5  
1904      4                1.2               49.2  
1904      5                5.8               98.1  
1904      6                9.7              113.6  
1904      7               11.9               61.9  
1904      8               11.1               51.0  
1904      9                5.9              105.9  
1904     10                3.3               22.5  
1904     11               -2.9               57.4  
1904     12               -6.1               75.9  
1905      1               -9.9               33.5  
1905      2               -7.3               29.9  
1905      3               -3.8               48.9  
1905      4               -0.1               51.2  
1905      5                3.4              185.8  
1905      6                8.7               68.2  
1905      7               12.0              141.5  
1905      8                9.4              260.6  
1905      9                8.0              118.5  
1905     10               -1.6               19.1  
1905     11               -3.0              122.2  
1905     12               -6.4               12.8  
1906      1               -8.6               17.8  
1906      2               -8.7               75.2  
1906      3               -5.0               59.1  
1906      4               -0.9               95.4  
1906      5                4.8               67.6  
1906      6                8.1               48.5  
1906      7               10.8               98.3  
1906      8               11.5               46.7  
1906      9                6.8               38.5  
1906     10                4.6               44.4  
1906     11               -1.5              257.1  
1906     12               -8.8               27.6  
1907      1               -6.8               28.8  
1907      2               -8.1               17.4  
1907      3               -5.3               36.4  
1907      4               -0.8               74.2  
1907      5                5.3               85.5  
1907      6                8.7              124.7  
1907      7                8.9               84.3  
1907      8               11.3               79.6  
1907      9                8.9               28.4  
1907     10                4.6              239.0  
1907     11               -0.9               32.0  
1907     12               -5.2               77.3  
1908      1               -8.0                1.1  
1908      2               -6.3               50.8  
1908      3               -6.1               55.1  
1908      4               -2.0               81.6  
1908      5                6.2              131.8  
1908      6                9.4              121.0  
1908      7                9.7              166.3  
1908      8                9.4              172.5  
1908      9                6.8               74.0  
1908     10                3.9               48.2  
1908     11               -2.8               20.7  
1908     12               -6.9               34.6  
1909      1               -9.1                8.8  
1909      2               -8.0               42.8  
1909      3               -6.1               53.9  
1909      4                1.1               47.1  
1909      5                4.3               45.2  
1909      6                6.3              145.1  
1909      7                9.0               86.8  
1909      8               10.1              139.3  
1909      9                6.6               65.6  
1909     10                3.9              126.6  
1909     11               -3.7               46.3  
1909     12               -3.9              117.3  
1910      1               -6.5              108.5  
1910      2               -6.6               73.5  
1910      3               -4.3               43.7  
1910      4               -0.5               98.9  
1910      5                2.6               92.7  
1910      6                8.1              133.9  
1910      7                8.2              112.5  
1910      8                9.5              102.5  
1910      9                5.7               28.4  
1910     10                3.6               74.0  
1910     11               -4.1               76.4  
1910     12               -3.8              108.4  
1911      1               -9.1                4.0  
1911      2               -7.3               39.1  
1911      3               -4.3               93.0  
1911      4               -1.5               47.5  
1911      5                5.0               49.0  
1911      6                7.5              150.0  
1911      7               11.8               59.7  
1911      8               12.8              141.8  
1911      9                8.7               96.8  
1911     10                2.1              213.8  
1911     11               -1.8              152.5  
1911     12               -4.7              147.2  
1912      1               -5.5               68.6  
1912      2               -4.3               27.5  
1912      3               -2.8              150.3  
1912      4               -1.5               25.1  
1912      5                4.6               40.3  
1912      6                7.5               94.5  
1912      7               10.0              138.6  
1912      8                7.6              161.6  
1912      9                3.9                8.6  
1912     10                1.8              125.9  
1912     11               -5.2               93.5  
1912     12               -5.1               19.0  
1913      1               -6.1               37.7  
1913      2               -7.6               14.4  
1913      3               -1.8              113.9  
1913      4               -0.7               85.2  
1913      5                3.9               61.0  
1913      6                7.5               87.0  
1913      7                7.2               87.8  
1913      8                8.7               92.7  
1913      9                6.7              102.8  
1913     10                4.3              115.6  
1913     11                0.6              112.7  
1913     12               -4.9               27.3  
1914      1               -9.6               46.4  
1914      2               -4.6               91.0  
1914      3               -3.0              113.0  
1914      4                0.9               66.7  
1914      5                3.7              114.3  
1914      6                6.9               57.3  
1914      7                9.0              149.5  
1914      8               10.0              136.7  
1914      9                7.3               23.7  
1914     10                2.2              128.4  
1914     11               -3.4               16.2  
1914     12               -4.8               47.0  
1915      1               -8.2               89.3  
1915      2               -7.8              147.8  
1915      3               -4.1               56.8  
1915      4               -1.5               42.4  
1915      5                6.0               86.4  
1915      6                9.4               57.4  
1915      7               10.2              149.8  
1915      8                9.5               49.8  
1915      9                6.0              132.8  
1915     10                0.9               14.6  
1915     11               -4.9               50.4  
1915     12               -2.8              107.7  
1916      1               -4.7               23.0  
1916      2               -6.3              149.4  
1916      3               -2.6              214.2  
1916      4               -0.5               56.8  
1916      5                4.3               95.0  
1916      6                6.2              182.9  
1916      7                9.7               84.1  
1916      8               10.0              127.2  
1916      9                5.6              104.4  
1916     10                2.3               73.3  
1916     11               -2.9              184.6  
1916     12               -4.8              183.0  
1917      1               -9.2               75.9  
1917      2               -9.5                9.0  
1917      3               -6.0              107.5  
1917      4               -3.1              106.9  
1917      5                4.7              124.2  
1917      6                9.4               69.3  
1917      7               10.2              132.6  
1917      8                9.5              181.4  
1917      9                8.9               30.4  
1917     10                0.5              244.6  
1917     11               -3.3               29.4  
1917     12               -9.3               32.3  
1918      1               -7.4               23.8  
1918      2               -6.9               13.3  
1918      3               -4.7              111.3  
1918      4                0.1               54.4  
1918      5                4.9               22.6  
1918      6                6.1              116.1  
1918      7                9.5               61.5  
1918      8                9.5               55.0  
1918      9                8.0              232.7  
1918     10                1.7              102.5  
1918     11               -2.7               28.7  
1918     12               -3.8               69.3  
1919      1               -8.4              141.0  
1919      2               -8.1               27.7  
1919      3               -4.6              100.8  
1919      4               -2.0              160.5  
1919      5                2.3                5.4  
1919      6                8.6               38.7  
1919      7                7.5              130.7  
1919      8               11.6               50.6  
1919      9                8.0               97.1  
1919     10               -0.9               50.6  
1919     11               -4.9              123.4  
1919     12               -6.9               70.5  
1920      1               -4.5              111.8  
1920      2               -5.7               10.0  
1920      3               -2.6              155.0  
1920      4                0.0              168.3  
1920      5                6.4              126.9  
1920      6                8.1               67.9  
1920      7                9.9              152.9  
1920      8                9.2               79.5  
1920      9                7.9              191.0  
1920     10                4.0               22.6  
1920     11               -1.8               13.8  
1920     12               -5.6               45.9  
1921      1               -4.4               76.6  
1921      2               -7.4               10.5  
1921      3               -3.6               34.8  
1921      4               -1.3               79.2  
1921      5                5.9               72.0  
1921      6                8.2               54.7  
1921      7               12.2               39.8  
1921      8               10.4               67.8  
1921      9                9.2               23.5  
1921     10                5.2                8.3  
1921     11               -3.9               37.9  
1921     12               -4.4                5.3  
1922      1               -8.7              130.3  
1922      2               -6.0               22.9  
1922      3               -2.7              197.2  
1922      4               -1.5               95.3  
1922      5                5.3               42.0  
1922      6                8.6               79.2  
1922      7                9.0              148.7  
1922      8               10.7              133.9  
1922      9                5.5              140.3  
1922     10                2.2               82.3  
1922     11               -4.2               24.9  
1922     12               -6.2              148.0  
1923      1               -8.1               12.9  
1923      2               -5.0               15.2  
1923      3               -4.4               15.7  
1923      4               -0.3               72.1  
1923      5                4.3              109.0  
1923      6                5.4               62.3  
1923      7               12.1               73.8  
1923      8               11.6               97.0  
1923      9                7.0               83.5  
1923     10                4.5              142.9  
1923     11               -1.3              132.0  
1923     12               -7.1               92.9  
1924      1               -8.7               35.7  
1924      2               -9.1               29.5  
1924      3               -4.3               45.0  
1924      4                0.3               68.7  
1924      5                6.4              125.4  
1924      6                8.8              136.0  
1924      7               10.9               94.8  
1924      8                8.1              165.3  
1924      9                8.0              160.9  
1924     10                3.0               44.5  
1924     11               -1.3                5.6  
1924     12               -6.4               64.2  
1925      1               -6.2               15.6  
1925      2               -6.0              151.2  
1925      3               -6.9               46.7  
1925      4               -0.6               70.7  
1925      5                4.0               53.5  
1925      6                9.5               24.6  
1925      7                9.8              140.8  
1925      8               10.0              110.8  
1925      9                5.6               81.1  
1925     10                4.1               58.7  
1925     11               -3.0               59.7  
1925     12               -7.7               60.2  
1926      1               -8.1               42.0  
1926      2               -2.8              113.7  
1926      3               -2.5               65.0  
1926      4               -0.3              135.9  
1926      5                2.6              193.3  
1926      6                5.9              120.3  
1926      7                9.8               41.4  
1926      8               10.6               54.2  
1926      9                9.7               52.7  
1926     10                3.9              262.4  
1926     11                0.8              230.6  
1926     12               -6.0               11.8  
1927      1               -6.5               99.7  
1927      2               -7.5               36.0  
1927      3               -4.3              119.4  
1927      4                0.7               71.7  
1927      5                5.3               25.8  
1927      6                8.5              136.3  
1927      7               10.4              107.8  
1927      8               10.3              182.2  
1927      9                8.1              181.8  
1927     10                3.0               36.9  
1927     11               -0.6              184.1  
1927     12               -5.4               29.8  
1928      1               -7.1               48.0  
1928      2               -6.1               30.7  
1928      3               -3.2               75.6  
1928      4               -0.2              117.6  
1928      5                2.0              123.4  
1928      6                8.4               58.0  
1928      7               12.8               55.1  
1928      8               12.2              188.6  
1928      9                7.9               47.0  
1928     10                3.1              167.1  
1928     11               -1.2               96.1  
1928     12               -6.9               18.1  
1929      1              -11.6                9.5  
1929      2              -11.7                3.8  
1929      3               -3.8                0.6  
1929      4               -2.0               77.0  
1929      5                5.0               39.4  
1929      6                9.9              102.0  
1929      7               11.5               75.6  
1929      8               10.6              194.7  
1929      9                9.5               20.1  
1929     10                3.4               79.3  
1929     11               -2.3               55.9  
1929     12               -4.6               80.5  
1930      1               -4.9               18.6  
1930      2               -9.1               19.5  
1930      3               -3.7               74.1  
1930      4                0.1               91.4  
1930      5                3.4               66.8  
1930      6                9.9               52.1  
1930      7                9.7              118.8  
1930      8                9.8              114.8  
1930      9                8.1               92.2  
1930     10                2.6               37.4  
1930     11                0.8               47.1  
1930     12               -5.7               31.3  
1931      1               -8.5               49.5  
1931      2               -8.5              126.9  
1931      3               -5.0               39.9  
1931      4               -1.1               57.5  
1931      5                5.7              147.0  
1931      6               10.7              105.4  
1931      7               10.2              160.1  
1931      8                9.2              160.7  
1931      9                4.3               88.5  
1931     10                3.0               65.0  
1931     11               -0.1               89.2  
1931     12               -7.6               20.4  
1932      1               -6.0               23.8  
1932      2              -10.7                4.3  
1932      3               -5.4               23.1  
1932      4               -2.5               82.2  
1932      5                3.4              125.3  
1932      6                7.4              100.2  
1932      7               10.1              103.0  
1932      8               12.4               45.9  
1932      9               10.8              106.7  
1932     10                2.0               95.7  
1932     11               -1.1               22.0  
1932     12               -5.1               22.1  
1933      1               -9.5               38.9  
1933      2               -7.1               13.9  
1933      3               -4.0               46.3  
1933      4                0.6               26.8  
1933      5                3.6               89.0  
1933      6                6.0              136.6  
1933      7               10.9               99.7  
1933      8               11.0               70.4  
1933      9                7.9               65.7  
1933     10                2.2              183.5  
1933     11               -3.2              101.4  
1933     12               -8.4               22.6  
1934      1               -8.5                9.0  
1934      2               -6.1               32.3  
1934      3               -3.7              125.6  
1934      4                1.2               95.6  
1934      5                6.8               55.0  
1934      6                8.2              104.7  
1934      7               11.3               96.2  
1934      8                9.3              197.4  
1934      9                8.5               30.0  
1934     10                2.3               44.4  
1934     11               -3.1              172.8  
1934     12               -3.4               41.5  
1935      1               -9.7               17.2  
1935      2               -5.7               96.7  
1935      3               -6.1                4.5  
1935      4               -1.1               65.7  
1935      5                1.8              115.2  
1935      6               10.2               43.1  
1935      7               10.5               89.1  
1935      8                9.2              141.4  
1935      9                7.7               72.1  
1935     10                3.5              193.6  
1935     11               -1.6              124.1  
1935     12               -6.6               96.0  
1936      1               -4.0               68.1  
1936      2               -6.8               58.8  
1936      3               -3.2               59.6  
1936      4               -0.2               77.0  
1936      5                5.0               82.0  
1936      6                7.9               75.1  
1936      7                9.7              156.3  
1936      8               10.0               46.9  
1936      9                8.0               64.7  
1936     10               -0.2               12.0  
1936     11               -2.6               39.9  
1936     12               -6.0               97.8  
1937      1               -6.8               28.2  
1937      2               -4.5               72.3  
1937      3               -4.8              158.6  
1937      4               -0.2               44.8  
1937      5                5.7               81.9  
1937      6                9.5              102.4  
1937      7               10.8              119.0  
1937      8                9.8               93.6  
1937      9                6.8              212.2  
1937     10                3.5              172.8  
1937     11               -2.6               27.1  
1937     12               -8.4               91.2  
1938      1               -7.8               25.6  
1938      2               -8.0               10.1  
1938      3               -1.8               16.3  
1938      4               -2.6               16.0  
1938      5                3.0               76.4  
1938      6               10.1              121.1  
1938      7               10.0              129.0  
1938      8               10.0              118.1  
1938      9                7.1               68.6  
1938     10                3.1               50.4  
1938     11               -0.7               51.6  
1938     12               -6.0               62.2  
1939      1               -5.5               76.5  
1939      2               -5.3               12.4  
1939      3               -7.0               20.3  
1939      4                1.3               99.6  
1939      5                2.5              123.1  
1939      6                8.2              116.7  
1939      7                8.9              177.2  
1939      8               10.0              105.3  
1939      9                6.9               57.7  
1939     10                1.9              159.2  
1939     11               -0.7              109.1  
1939     12               -7.3               35.7  
1940      1               -9.8               24.7  
1940      2               -7.0               41.7  
1940      3               -4.5               48.2  
1940      4               -0.6               40.0  
1940      5                4.3              133.5  
1940      6                7.5               91.7  
1940      7                9.3              166.8  
1940      8                9.9               29.5  
1940      9                7.7               93.3  
1940     10                3.2               69.2  
1940     11               -1.5              127.3  
1940     12              -10.4               21.1  
1941      1               -9.2               33.4  
1941      2               -7.2               43.5  
1941      3               -4.4              101.2  
1941      4               -1.1              137.0  
1941      5                1.6              109.9  
1941      6                9.1               76.8  
1941      7               11.1               76.8  
1941      8                9.2               98.1  
1941      9                6.7               36.9  
1941     10                2.2               13.1  
1941     11               -3.3               75.8  
1941     12               -6.9               14.0  
1942      1              -11.3               12.4  
1942      2               -9.0               20.1  
1942      3               -1.1                1.8  
1942      4                0.3               43.5  
1942      5                5.3               37.6  
1942      6                9.0              109.4  
1942      7               10.4               75.3  
1942      8               10.1              150.7  
1942      9                8.9              154.3  
1942     10                5.3              125.2  
1942     11               -2.6               46.1  
1942     12               -4.9               37.3  
1943      1               -7.8               22.0  
1943      2               -6.4               18.7  
1943      3               -2.2               35.5  
1943      4                1.5               24.6  
1943      5                6.0              102.9  
1943      6                8.1               54.2  
1943      7               10.0              125.2  
1943      8               11.7               81.3  
1943      9                8.8              143.5  
1943     10                4.6               13.3  
1943     11               -3.0               12.8  
1943     12               -5.8               30.8  
1944      1               -5.5               14.0  
1944      2               -9.1               45.9  
1944      3               -7.0               12.2  
1944      4                1.2               11.6  
1944      5                4.8              110.5  
1944      6                7.8              107.4  
1944      7               10.2              136.2  
1944      8               12.5               54.2  
1944      9                7.4              100.0  
1944     10                2.2              148.3  
1944     11               -3.4               71.4  
1944     12               -8.8               50.7  
1945      1              -11.9               22.0  
1945      2               -3.4               28.0  
1945      3               -2.4               79.6  
1945      4                1.3               42.7  
1945      5                5.4              105.4  
1945      6                9.7               30.7  
1945      7               11.7               41.5  
1945      8                9.6              185.3  
1945      9                7.9               53.3  
1945     10                2.7               71.9  
1945     11               -3.1               18.4  
1945     12               -5.0               82.6  
1946      1               -9.3               63.6  
1946      2               -4.5               58.7  
1946      3               -2.4               66.2  
1946      4                2.4               85.3  
1946      5                5.3              128.4  
1946      6                7.9              198.2  
1946      7               11.4              100.6  
1946      8               10.2              202.9  
1946      9                8.8               98.8  
1946     10                3.1               31.5  
1946     11               -2.6               48.5  
1946     12               -8.1               16.2  
1947      1              -10.8               24.4  
1947      2               -6.8              107.6  
1947      3               -2.2              162.5  
1947      4                1.5               11.6  
1947      5                7.5               59.2  
1947      6                9.6              117.3  
1947      7               11.2              160.3  
1947      8               12.2               69.2  
1947      9                8.9              111.1  
1947     10                4.3               18.0  
1947     11                1.2               60.2  
1947     12               -6.2               58.2  
1948      1               -4.4              125.3  
1948      2               -6.1               18.7  
1948      3               -1.1                4.8  
1948      4                0.3              126.5  
1948      5                6.0              102.1  
1948      6                7.4              138.8  
1948      7                7.2              131.2  
1948      8               10.4              160.0  
1948      9                7.9               92.3  
1948     10                4.4               72.3  
1948     11                0.7                4.4  
1948     12               -5.3               22.2  
1949      1               -5.5               56.4  
1949      2               -5.6                0.0  
1949      3               -5.7               19.0  
1949      4                3.1              101.1  
1949      5                4.8               93.4  
1949      6                8.6               32.6  
1949      7               11.2               63.3  
1949      8               10.5              116.3  
1949      9                8.8               40.6  
1949     10                4.9               88.5  
1949     11               -2.7              110.2  
1949     12               -5.1               60.9  
1950      1               -7.6               67.0  
1950      2               -5.4               92.8  
1950      3               -2.6                1.9  
1950      4               -1.1              151.5  
1950      5                5.3               93.0  
1950      6                9.7               51.5  
1950      7               12.2               89.5  
1950      8               11.4               64.0  
1950      9                7.7               80.6  
1950     10                3.0                0.5  
1950     11               -2.4              168.5  
1950     12               -7.6               89.9  
1951      1               -5.8              182.0  
1951      2               -6.4              180.9  
1951      3               -5.1               49.9  
1951      4               -1.1               64.6  
1951      5                3.8               86.2  
1951      6                8.6              123.7  
1951      7               10.2              103.4  
1951      8               10.3              148.9  
1951      9               10.5               50.4  
1951     10                2.7               49.5  
1951     11               -0.5              249.7  
1951     12               -4.1               26.4  
1952      1               -8.2               30.9  
1952      2               -8.1               13.0  
1952      3               -2.6               66.7  
1952      4                1.9              120.0  
1952      5                5.7               86.6  
1952      6               10.7               64.2  
1952      7               12.7              112.0  
1952      8               11.0              137.0  
1952      9                5.1              133.3  
1952     10                2.0              159.6  
1952     11               -3.9              110.1  
1952     12               -7.3               60.9  
1953      1               -9.7                1.5  
1953      2               -8.3                4.0  
1953      3               -3.6                0.2  
1953      4                1.4               82.5  
1953      5                6.0               16.1  
1953      6                6.9              108.8  
1953      7               10.7              186.2  
1953      8               10.9               72.3  
1953      9                8.7              104.9  
1953     10                4.6              205.3  
1953     11               -0.4                7.0  
1953     12               -2.9               13.7  
1954      1               -9.2               42.6  
1954      2               -7.3               36.1  
1954      3               -2.9               61.0  
1954      4               -0.5               49.8  
1954      5                3.9              127.8  
1954      6                9.0              161.9  
1954      7                8.6              122.5  
1954      8                9.0              230.7  
1954      9                8.0              150.8  
1954     10                3.6               38.1  
1954     11               -0.8               23.6  
1954     12               -3.9              210.9  
1955      1               -6.1               52.8  
1955      2               -7.4              110.5  
1955      3               -5.2               38.7  
1955      4                0.1                3.6  
1955      5                3.9               76.2  
1955      6                8.5              120.8  
1955      7               10.8              102.2  
1955      8                9.4               46.3  
1955      9                7.4               50.7  
1955     10                2.2               91.3  
1955     11               -2.0               14.1  
1955     12               -2.9               24.4  
1956      1               -6.5               50.9  
1956      2              -14.2                1.5  
1956      3               -3.9               69.8  
1956      4               -1.6               75.4  
1956      5                4.8               65.9  
1956      6                6.2              100.1  
1956      7               10.1              135.0  
1956      8               10.0              163.9  
1956      9                8.3              139.0  
1956     10                1.8               55.1  
1956     11               -3.5               18.9  
1956     12               -6.6                2.6  
1957      1               -7.8               61.5  
1957      2               -3.8               66.5  
1957      3               -0.8               28.8  
1957      4                0.4               27.0  
1957      5                2.6               57.4  
1957      6                8.7              203.7  
1957      7               10.0              155.7  
1957      8                9.5              176.1  
1957      9                7.1               38.3  
1957     10                3.9               23.0  
1957     11               -0.7              116.5  
1957     12               -6.4               71.1  
1958      1               -8.8               29.7  
1958      2               -3.6               82.9  
1958      3               -7.1               12.4  
1958      4               -2.1              103.4  
1958      5                6.5               85.8  
1958      6                7.6              124.2  
1958      7               10.8              117.5  
1958      8               11.2              174.2  
1958      9                8.8               95.2  
1958     10                2.9              132.7  
1958     11               -1.2               29.1  
1958     12               -4.8              145.3  
1959      1               -7.9               29.1  
1959      2               -5.4                1.1  
1959      3               -0.7               65.2  
1959      4                0.4               63.0  
1959      5                5.0               48.3  
1959      6                8.7               65.3  
1959      7               12.0               58.7  
1959      8               10.1               59.3  
1959      9                8.5               11.8  
1959     10                2.8              109.6  
1959     11               -2.9              128.1  
1959     12               -5.4              102.6  
1960      1               -7.6               91.7  
1960      2               -5.8               87.3  
1960      3               -2.7               71.3  
1960      4                0.1               28.7  
1960      5                5.5               97.9  
1960      6                9.1              111.3  
1960      7                8.7              168.7  
1960      8                9.5              149.2  
1960      9                5.7              309.7  
1960     10                1.6              270.8  
1960     11               -2.0              105.6  
1960     12               -7.2              122.8  
1961      1               -9.0               55.9  
1961      2               -3.9               57.6  
1961      3               -2.5                9.4  
1961      4                3.0               70.6  
1961      5                3.9              101.9  
1961      6                9.2              100.1  
1961      7                9.5               54.5  
1961      8               10.3               54.7  
1961      9               10.3                9.3  
1961     10                3.8               89.7  
1961     11               -2.2               85.3  
1961     12               -4.4               59.2  
1962      1               -6.7               53.7  
1962      2               -6.6               23.3  
1962      3               -7.1               57.0  
1962      4               -1.5              139.9  
1962      5                2.9               91.7  
1962      6                7.8               37.8  
1962      7               10.0               50.0  
1962      8               12.0               78.5  
1962      9                7.3               50.2  
1962     10                3.8               20.3  
1962     11               -3.6               76.8  
1962     12               -8.4               59.4  
1963      1              -11.1               30.4  
1963      2              -11.4               18.2  
1963      3               -4.8               58.1  
1963      4                0.6               71.8  
1963      5                3.9               72.9  
1963      6                8.0              187.7  
1963      7               11.3               86.8  
1963      8                9.2              201.7  
1963      9                7.9               83.2  
1963     10                3.6               34.9  
1963     11                0.0              344.1  
1963     12               -8.2               21.7  
1964      1               -8.0                8.9  
1964      2               -5.0                8.0  
1964      3               -2.9               56.0  
1964      4                1.2               76.0  
1964      5                6.6               32.0  
1964      6                9.7              106.9  
1964      7               11.5               45.2  
1964      8                9.7              113.6  
1964      9                7.9               22.3  
1964     10                1.5              119.8  
1964     11                0.4               59.3  
1964     12               -6.7               34.9  
1965      1               -6.1               27.9  
1965      2              -10.1                3.5  
1965      3               -4.4               58.0  
1965      4               -1.2                6.3  
1965      5                4.1               93.2  
1965      6                8.7               74.3  
1965      7                8.9              156.0  
1965      8                9.1              151.4  
1965      9                5.1              300.5  
1965     10                3.4                6.7  
1965     11               -2.6               77.4  
1965     12               -5.9               58.8  
1966      1               -9.2               14.6  
1966      2               -2.0               68.7  
1966      3               -4.6               11.6  
1966      4                1.2               77.4  
1966      5                5.1               90.8  
1966      6                8.9               73.3  
1966      7                8.5              183.1  
1966      8                8.5              146.6  
1966      9                8.9               51.5  
1966     10                5.1              133.3  
1966     11               -4.3              135.6  
1966     12               -5.9               76.9  
1967      1               -7.5                9.5  
1967      2               -6.7               64.9  
1967      3               -2.2               71.3  
1967      4               -0.9               79.5  
1967      5                3.9              119.5  
1967      6                7.5               40.2  
1967      7               11.5              103.5  
1967      8               10.0              147.8  
1967      9                6.6               97.9  
1967     10                4.7               61.3  
1967     11               -0.5              147.4  
1967     12               -6.3               11.3  
1968      1               -8.2               48.9  
1968      2               -5.5              114.6  
1968      3               -4.5               67.7  
1968      4                0.6               95.0  
1968      5                3.7              109.6  
1968      6                7.7              117.9  
1968      7                9.7               88.5  
1968      8                8.7              118.8  
1968      9                6.4              150.6  
1968     10                4.8               40.0  
1968     11               -1.2              180.9  
1968     12               -8.0               24.5  
1969      1               -6.9               66.7  
1969      2               -9.6               39.5  
1969      3               -3.7               17.2  
1969      4               -0.7               25.0  
1969      5                5.6              171.5  
1969      6                7.0              104.1  
1969      7               11.0               82.9  
1969      8                9.2              107.5  
1969      9                8.2               47.8  
1969     10                5.3                0.0  
1969     11               -2.1              157.1  
1969     12               -9.5                5.0  
1970      1               -6.9               74.1  
1970      2               -7.8               60.4  
1970      3               -6.0               50.7  
1970      4               -2.5               75.4  
1970      5                2.9               47.7  
1970      6                9.2               88.2  
1970      7                9.9               68.2  
1970      8               10.0              175.0  
1970      9                8.8               77.4  
1970     10                3.1               49.4  
1970     11               -0.5              163.1  
1970     12               -6.9               36.5  
1971      1               -8.0               57.4  
1971      2               -6.4               29.6  
1971      3               -7.2              100.7  
1971      4                1.4               59.8  
1971      5                5.1               61.9  
1971      6                7.0              119.1  
1971      7               11.2               74.7  
1971      8               11.6              145.9  
1971      9                6.7               22.7  
1971     10                4.2                6.4  
1971     11               -2.7              125.7  
1971     12               -3.7               26.8  
1972      1               -7.7               30.0  
1972      2               -3.7               44.6  
1972      3               -1.8               79.6  
1972      4                0.1               56.5  
1972      5                3.7               78.1  
1972      6                7.3              132.8  
1972      7                9.4              149.5  
1972      8                9.6               56.9  
1972      9                4.0               62.5  
1972     10                1.8               47.5  
1972     11               -1.5               24.0  
1972     12               -5.5               29.8  
1973      1               -6.3               30.8  
1973      2               -7.6               13.7  
1973      3               -4.5                4.9  
1973      4               -3.0               63.8  
1973      5                5.1               88.7  
1973      6                9.1              101.4  
1973      7                9.4              194.9  
1973      8               11.6               60.8  
1973      9                8.4              142.2  
1973     10                2.7               70.5  
1973     11               -1.4               22.4  
1973     12               -6.0               62.3  
1974      1               -4.0               17.6  
1974      2               -4.5               72.4  
1974      3               -2.5               46.1  
1974      4               -0.2               35.6  
1974      5                4.2               50.8  
1974      6                6.7               95.8  
1974      7               10.1               87.7  
1974      8               11.1              118.4  
1974      9                6.8              132.5  
1974     10               -2.1               31.5  
1974     11               -2.7               83.0  
1974     12               -3.3               14.5  
1975      1               -4.3               87.8  
1975      2               -7.0               15.5  
1975      3               -4.7              118.1  
1975      4               -0.2              182.3  
1975      5                3.8              120.8  
1975      6                6.6               95.2  
1975      7               10.3               57.1  
1975      8               10.1              155.7  
1975      9                9.1              115.9  
1975     10                2.5               38.0  
1975     11               -2.5               96.9  
1975     12               -5.7               16.3  
1976      1               -5.9                9.5  
1976      2               -4.8               12.1  
1976      3               -4.8                4.5  
1976      4               -0.1               65.6  
1976      5                5.1               42.0  
1976      6                9.5               61.7  
1976      7               10.2              135.3  
1976      8                8.0               89.4  
1976      9                5.1              256.3  
1976     10                3.6              232.5  
1976     11               -2.8              126.3  
1976     12               -8.3               38.4  
1977      1               -7.0              127.3  
1977      2               -5.2               98.9  
1977      3               -1.1               96.0  
1977      4               -1.1              110.7  
1977      5                3.3              155.6  
1977      6                7.1               74.1  
1977      7                9.3              128.2  
1977      8                8.5              239.4  
1977      9                6.8               12.4  
1977     10                4.3              117.2  
1977     11               -2.3               26.9  
1977     12               -5.3               41.1  
1978      1               -7.6              109.5  
1978      2               -6.8               76.5  
1978      3               -2.9               72.2  
1978      4               -0.9               81.7  
1978      5                3.2               94.4  
1978      6                7.1              117.9  
1978      7                9.1              110.3  
1978      8                9.4               64.5  
1978      9                8.0               19.6  
1978     10                3.4               64.8  
1978     11               -1.3                2.9  
1978     12               -4.9               61.0  
1979      1               -9.4              107.5  
1979      2               -6.1               30.8  
1979      3               -3.1              180.0  
1979      4               -2.2               77.0  
1979      5                3.5               84.7  
1979      6                8.9               89.8  
1979      7               10.2              118.1  
1979      8                9.0              146.1  
1979      9                7.3              119.7  
1979     10                4.0              253.9  
1979     11               -2.8               97.0  
1979     12               -4.5               88.2  
1980      1               -9.5               53.9  
1980      2               -6.0                4.9  
1980      3               -3.7               41.2  
1980      4               -2.2                3.2  
1980      5                3.1               60.0  
1980      6                6.9              148.5  
1980      7                8.8              141.3  
1980      8               11.7               46.9  
1980      9                8.9               35.8  
1980     10                2.0              248.9  
1980     11               -2.3               25.2  
1980     12               -6.9               10.7  
1981      1               -8.6               18.8  
1981      2               -8.5                3.0  
1981      3               -1.3              155.4  
1981      4                2.2               30.6  
1981      5                4.3              181.9  
1981      6                8.9               76.5  
1981      7                9.4              238.6  
1981      8               11.1               38.6  
1981      9                8.2              219.0  
1981     10                2.6               74.0  
1981     11               -2.8               12.2  
1981     12               -6.5              128.0  
1982      1               -5.7               47.2  
1982      2               -7.5                7.3  
1982      3               -5.2               46.0  
1982      4               -0.3                0.6  
1982      5                5.2              106.6  
1982      6                9.4              157.2  
1982      7               12.5              119.0  
1982      8               10.2              204.4  
1982      9                9.5              101.1  
1982     10                2.9              114.1  
1982     11               -0.6              106.6  
1982     12               -5.0               84.6  
1983      1               -4.2               61.5  
1983      2               -9.6                8.6  
1983      3               -2.2               36.4  
1983      4                0.2              157.5  
1983      5                2.9              357.3  
1983      6                8.9               39.0  
1983      7               13.8               28.0  
1983      8               10.5               85.9  
1983      9                8.6              103.3  
1983     10                4.8               32.7  
1983     11               -0.7               23.2  
1983     12               -5.1               63.7  
1984      1               -7.4               16.6  
1984      2               -8.4               50.9  
1984      3               -6.0               73.4  
1984      4               -1.3               42.4  
1984      5                1.6              173.3  
1984      6                7.8               62.5  
1984      7               10.7               30.1  
1984      8               10.0               45.2  
1984      9                5.9              192.2  
1984     10                3.8              104.6  
1984     11               -0.1               43.6  
1984     12               -4.8               50.3  
1985      1              -10.7              106.6  
1985      2               -5.2               11.5  
1985      3               -5.2              123.7  
1985      4               -0.3               65.0  
1985      5                4.4              182.4  
1985      6                7.2              152.4  
1985      7               12.1              136.0  
1985      8               10.3              184.5  
1985      9                9.3               39.4  
1985     10                4.7               10.4  
1985     11               -4.7               42.2  
1985     12               -3.0               50.3  
1986      1               -7.6               81.6  
1986      2              -11.2               18.3  
1986      3               -3.3               43.2  
1986      4               -1.0              235.4  
1986      5                6.4              103.9  
1986      6                8.7               42.6  
1986      7               10.5               98.1  
1986      8               10.3              215.1  
1986      9                8.4               43.3  
1986     10                4.8               24.2  
1986     11               -0.7               24.5  
1986     12               -5.2               36.3  
1987      1               -8.3               15.1  
1987      2               -5.1               71.2  
1987      3               -7.1               36.4  
1987      4                0.8               50.2  
1987      5                3.0               59.5  
1987      6                6.9              222.1  
1987      7               11.1              229.9  
1987      8               10.6              131.8  
1987      9               10.4              106.8  
1987     10                4.6              109.6  
1987     11               -0.7               45.1  
1987     12               -2.6               18.5  
1988      1               -4.2               85.9  
1988      2               -7.2               59.0  
1988      3               -4.3               48.4  
1988      4                1.5               38.3  
1988      5                5.8              110.6  
1988      6                7.6               90.2  
1988      7               11.6               95.9  
1988      8               11.1              189.0  
1988      9                7.9               69.7  
1988     10                5.5              192.5  
1988     11               -2.1                6.0  
1988     12               -3.3               43.4  
1989      1               -4.8                0.0  
1989      2               -3.2               84.8  
1989      3               -0.8               38.4  
1989      4               -0.2              216.0  
1989      5                5.4               29.6  
1989      6                7.5              108.3  
1989      7               11.4              117.5  
1989      8               10.7               56.8  
1989      9                7.9               40.1  
1989     10                4.3               12.0  
1989     11               -2.4               65.2  
1989     12               -4.2              151.8  
1990      1               -6.9               48.6  
1990      2               -3.5               89.1  
1990      3               -0.8                5.9  
1990      4                0.0               71.4  
1990      5                6.5               62.2  
1990      6                8.0              221.3  
1990      7               11.7               54.5  
1990      8               11.2               66.2  
1990      9                7.1               56.8  
1990     10                5.0              117.7  
1990     11               -2.7              126.4  
1990     12               -8.1               50.8  
1991      1               -7.7               20.7  
1991      2               -9.6               26.9  
1991      3               -0.1              102.7  
1991      4               -0.7               27.1  
1991      5                2.8               39.2  
1991      6                8.0              142.4  
1991      7               12.5               89.9  
1991      8               12.8                6.0  
1991      9                9.9              160.6  
1991     10                2.8               62.4  
1991     11               -2.3               51.8  
1991     12               -6.5               92.7  
1992      1               -7.0               20.6  
1992      2               -5.7               25.0  
1992      3               -2.4              104.7  
1992      4                0.4               93.2  
1992      5                6.8               34.8  
1992      6                7.8              143.5  
1992      7               11.6              116.2  
1992      8               13.2              141.6  
1992      9                7.6               91.0  
1992     10                2.0              123.6  
1992     11                0.8               52.8  
1992     12               -5.3               99.9  
1993      1               -4.2               10.4  
1993      2               -6.7               15.4  
1993      3               -3.7               15.2  
1993      4                1.5               29.0  
1993      5                6.7               85.1  
1993      6                9.3              160.8  
1993      7               10.0              101.4  
1993      8               11.6               89.9  
1993      9                6.5              219.4  
1993     10                2.4              298.4  
1993     11               -2.9               20.6  
1993     12               -3.7               52.8  
1994      1               -5.4              135.9  
1994      2               -7.2               67.1  
1994      3                0.9               15.8  
1994      4               -0.2               37.9  
1994      5                6.1               87.5  
1994      6                9.5               55.8  
1994      7               13.5               75.3  
1994      8               12.7              128.9  
1994      9                7.8              247.8  
1994     10                3.5               40.2  
1994     11                2.5               64.9  
1994     12               -2.4               21.0  
1995      1               -7.9               77.5  
1995      2               -3.5               38.1  
1995      3               -5.3               29.6  
1995      4                1.4               94.4  
1995      5                5.4               88.1  
1995      6                7.5               82.5  
1995      7               13.3               63.7  
1995      8               10.5               80.0  
1995      9                5.3              148.0  
1995     10                6.3                6.2  
1995     11               -1.5               33.9  
1995     12               -4.6               41.7  
1996      1               -5.6               50.6  
1996      2               -8.3               14.2  
1996      3               -4.6               13.8  
1996      4                1.6               14.4  
1996      5                5.7              103.9  
1996      6                9.8               88.7  
1996      7               10.2              131.5  
1996      8               10.0              208.3  
1996      9                5.2               10.1  
1996     10                3.6              101.8  
1996     11               -1.7              267.7  
1996     12               -5.1               54.8  
1997      1               -6.7               32.5  
1997      2               -5.1                9.7  
1997      3               -0.6               15.0  
1997      4               -0.3               28.6  
1997      5                5.3               86.7  
1997      6                7.8              260.6  
1997      7                9.3              110.7  
1997      8               11.7               90.4  
1997      9               10.1               35.0  
1997     10                4.0               26.7  
1997     11               -1.3              151.6  
1997     12               -4.1               68.5  
1998      1               -6.6               44.4  
1998      2               -3.8               15.0  
1998      3               -2.9                5.7  
1998      4               -0.2              140.2  
1998      5                6.0               39.0  
1998      6                9.6              141.3  
1998      7               11.7              136.3  
1998      8               12.0              102.9  
1998      9                7.0              149.8  
1998     10                3.0              129.1  
1998     11               -3.5               21.5  
1998     12               -4.8                7.1  
1999      1               -6.6               53.2  
1999      2               -7.2               54.1  
1999      3               -2.5               78.0  
1999      4                0.3               86.8  
1999      5                7.3               87.2  
1999      6                8.0              182.1  
1999      7               11.4               69.0  
1999      8               11.3              220.8  
1999      9                9.4              216.5  
1999     10                4.1              138.7  
1999     11               -3.3               38.4  
1999     12               -5.7               74.7  
2000      1               -7.7               20.4  
2000      2               -4.8               29.0  
2000      3               -1.8               58.4  
2000      4                1.1              140.4  
2000      5                6.7              109.5  
2000      6               10.1               77.2  
2000      7                9.3              190.2  
2000      8               11.5              163.3  
2000      9                8.4               94.4  
2000     10                4.4              250.9  
2000     11               -2.1              391.0  
2000     12               -3.6               82.3  
2001      1               -6.7              156.2  
2001      2               -5.6               61.8  
2001      3               -1.0              115.4  
2001      4               -0.9               67.5  
2001      5                7.5               42.2  
2001      6                8.1              208.0  
2001      7               11.4              105.4  
2001      8               12.5              188.8  
2001      9                5.0               86.6  
2001     10                6.2               82.3  
2001     11               -0.8               26.1  
2001     12               -6.2                4.5  
2002      1               -5.4                6.9  
2002      2               -3.1               44.5  
2002      3               -1.5               74.1  
2002      4                1.4               25.5  
2002      5                5.6              239.8  
2002      6               11.3              104.2  
2002      7               10.8               91.0  
2002      8               10.6              109.2  
2002      9                6.8               31.2  
2002     10                3.7               79.3  
2002     11               -0.1              454.7  
2002     12               -3.6               33.7  
2003      1               -7.5               24.8  
2003      2              -10.0                9.0  
2003      3               -1.4                1.5  
2003      4                0.7               43.5  
2003      5                7.2               85.6  
2003      6               13.4               39.0  
2003      7               12.4              135.4  
2003      8               14.7              107.1  
2003      9                7.8               17.8  
2003     10                1.3              132.1  
2003     11               -0.1               74.6  
2003     12               -4.0               44.4  
2004      1               -6.9               33.1  
2004      2               -5.7               24.1  
2004      3               -3.5               28.3  
2004      4                1.1               40.8  
2004      5                4.6               75.7  
2004      6                9.7               55.0  
2004      7               11.0              111.1  
2004      8               11.1              150.7  
2004      9                8.8               36.8  
2004     10                5.1              139.5  
2004     11               -0.9               60.2  
2004     12               -5.0               33.8  
2005      1               -7.3               36.0  
2005      2               -9.7               16.7  
2005      3               -3.0               22.2  
2005      4                1.4               50.9  
2005      5                6.5               90.2  
2005      6               10.9               50.7  
2005      7               11.4               91.8  
2005      8                9.7              121.7  
2005      9                8.8               50.6  
2005     10                4.2               68.5  
2005     11               -2.3               25.9  
2005     12               -7.8               82.8  
2006      1               -9.6               33.9  
2006      2               -7.3               32.3  
2006      3               -5.2               54.2  
2006      4                1.1               48.7  
2006      5                5.9               58.6  
2006      6               10.1               58.8  
2006      7               13.5              122.0  
2006      8                8.5               95.8  
2006      9               10.0               67.9  
2006     10                5.8               72.3  
2006     11                0.9               24.9  
2006     12               -3.3               84.1  
2007      1               -3.4               72.0  
2007      2               -3.3               34.3  
2007      3               -1.8               55.1  
2007      4                5.0                1.2  
2007      5                6.7              102.6  
2007      6               10.2              116.4  
2007      7               11.4              118.8  
2007      8               10.5              169.9  
2007      9                6.8               79.1  
2007     10                3.9               35.2  
2007     11               -1.9               84.8  
2007     12               -5.5               22.1  
2008      1               -5.1               67.0  
2008      2               -4.2               14.5  
2008      3               -2.5               49.9  
2008      4                0.3              151.1  
2008      5                6.1              120.5  
2008      6               10.5               97.8  
2008      7               11.1              226.8  
2008      8               11.5              110.7  
2008      9                6.8              137.4  
2008     10                3.9              147.0  
2008     11               -2.1              171.6  
2008     12               -5.4               93.2  
2009      1               -9.3               43.6  
2009      2               -6.4              118.6  
2009      3               -2.6               68.8  
2009      4                2.4               50.4  
2009      5                7.6               36.2  
2009      6                9.7              107.4  
2009      7               11.7              127.2  
2009      8               12.9               45.0  
2009      9                9.8               54.1  
2009     10                3.5               48.7  
2009     11                0.0              132.2  
2009     12               -6.6               82.9  
2010      1               -9.9               10.4  
2010      2               -7.3               15.9  
2010      3               -4.0               18.2  
2010      4                1.1               20.0  
2010      5                5.0              166.8  
2010      6               10.2               65.1  
2010      7               13.3               66.8  
2010      8               10.7              171.6  
2010      9                7.5              126.9  
2010     10                2.9               81.6  
2010     11               -1.9              115.2  
2010     12               -7.0               75.4  
2011      1               -6.8               14.3  
2011      2               -4.6               10.1  
2011      3               -1.6               27.0  
2011      4                4.2                3.9  
2011      5                7.4              102.3  
2011      6               10.0              136.4  
2011      7               10.2              144.6  
2011      8               12.4              100.7  
2011      9                9.9              141.0  
2011     10                3.8               94.4  
2011     11                0.8               41.4  
2011     12               -3.8               42.0  
2012      1               -5.4               44.0  
2012      2               -8.3                2.7  
2012      3                0.5               52.6  
2012      4                0.6               91.6  
2012      5                6.7               65.5  
2012      6               10.8              142.3  
2012      7               12.1              106.5  
2012      8               12.9              140.8  
2012      9                8.5               88.6  
2012     10                3.8               45.9  
2012     11               -0.4              140.2  
2012     12               -6.2               29.5  
2013      1               -5.8               35.0  
2013      2               -8.9               15.2  
2013      3               -4.0               38.0  
2013      4                1.7               94.9  
2013      5                4.1              135.0  
2013      6                9.1               47.5  
2013      7               12.9               27.8  
2013      8               11.7              104.6  
2013      9                8.8               50.5  
2013     10                4.8              121.7  
2013     11               -1.4               44.0  
2013     12               -3.9               59.3  
2014      1               -5.7              126.0  
2014      2               -4.8               96.5  
2014      3               -1.8               49.0  
2014      4                2.1               39.6  
2014      5                5.2               66.9  
2014      6                9.7              114.3  
2014      7               10.6              131.6  
2014      8                9.7              158.1  
2014      9                8.1               50.7  
2014     10                5.3              109.4  
2014     11                1.1              241.1  
2014     12               -2.8               29.4  
2015      1               -5.0               80.8  
2015      2               -7.2               30.1  
2015      3               -1.6               24.9  
2015      4                2.0               21.4  
2015      5                6.6              150.5  
2015      6               10.6               85.9  
2015      7               14.8               98.6  
2015      8               12.4              103.9  
2015      9                6.7              186.9  
2015     10                3.4               91.2  
2015     11                1.0                1.5  
2015     12               -1.7                2.3  
2016      1               -6.0               49.6  
2016      2               -3.7               56.2  
2016      3               -3.7               53.6  
2016      4                1.9              113.6  
2016      5                4.9              130.1  
2016      6                9.5              155.6  
2016      7               12.2              126.2  
2016      8               11.6               96.5  
2016      9                9.4               19.4  
2016     10                2.9               64.5  
2016     11               -1.2               73.8  
2016     12               -2.9                0.5  
2017      1               -9.4               16.2  
2017      2               -4.0               45.8  
2017      3                0.5               31.6  
2017      4                1.9               55.2  
2017      5                6.7               63.8  
2017      6               11.7              195.7  
2017      7               12.1               94.7  
